,Eulimnogammarus_vittatus_BolR_1_SRR3467061Naumenko_EviW,Eulimnogammarus_vittatus_BolR_2_SRR3467061Naumenko_EviW,MK887741_Eulimnogammarus_vittatus_voucher_Evi_Listvyanka_Y01_SRR3467061Naumenko_EviW,Eulimnogammarus_vittatus_GB_5_SRR3467061Naumenko_EviW,MK887745_Eulimnogammarus_vittatus_voucher_Evi_Listvyanka_Y05_SRR3467061Naumenko_EviW,MK887744_Eulimnogammarus_vittatus_voucher_Evi_Listvyanka_Y04_SRR3467061Naumenko_EviW,Eulimnogammarus_vittatus_EviL80_SRR3467061Naumenko_EviW,Eulimnogammarus_vittatus_Ya1_EviUr1_EviN,Eulimnogammarus_vittatus_EviA104_EviUr1_EviN,Eulimnogammarus_vittatus_Ya5_EviUr1_EviN,Eulimnogammarus_vittatus_Ya3_EviUr1_EviN,Eulimnogammarus_vittatus_EviA102_EviUr1_EviN,Eulimnogammarus_vittatus_AmspA41_EviUr1_EviN,Eulimnogammarus_vittatus_EviA103_EviUr1_EviN,Eulimnogammarus_vittatus_EviA109_EviUr1_EviN,Eulimnogammarus_vittatus_Ya2_EviUr1_EviN,Eulimnogammarus_vittatus_Ya4_EviUr1_EviN,Eulimnogammarus_vittatus_Ya9_EviUr1_EviN,Eulimnogammarus_vittatus_EviA106_EviUr1_EviN,Eulimnogammarus_vittatus_Ya6_EviUr1_EviN,Eulimnogammarus_vittatus_G_2_EviUr1_EviN,Eulimnogammarus_vittatus_UB_5_EviUr1_EviN,Eulimnogammarus_vittatus_UB_1_EviUr1_EviN,Eulimnogammarus_vittatus_G_5_EviUr1_EviN,Eulimnogammarus_vittatus_UB_2_EviUr1_EviN,Eulimnogammarus_vittatus_G_4_EviUr1_EviN,Eulimnogammarus_vittatus_UB_3_EviUr1_EviN,Eulimnogammarus_vittatus_G_1_EviUr1_EviN,Eulimnogammarus_vittatus_Ankh_2_EviUr1_EviN,Eulimnogammarus_vittatus_EviA107_EviUr1_EviN,Eulimnogammarus_vittatus_Ya7_EviUr1_EviN,Eulimnogammarus_vittatus_Kur_39_EviUr1_EviN,Eulimnogammarus_vittatus_EviA108_EviUr1_EviN,Eulimnogammarus_vittatus_Uy7_7_EviUr1_EviN,Eulimnogammarus_vittatus_AmspA55_EviUr1_EviN,Eulimnogammarus_vittatus_Uy_8_EviUr1_EviN,Eulimnogammarus_vittatus_EviA98_EviUr1_EviN,Eulimnogammarus_vittatus_EviA100_EviUr1_EviN,Eulimnogammarus_vittatus_Kur_0_EviUr1_EviN,Eulimnogammarus_vittatus_AmspA45_EviUr1_EviN,Eulimnogammarus_vittatus_Kur_42_EviUr1_EviN,Eulimnogammarus_vittatus_Kur_40_EviUr1_EviN,Eulimnogammarus_vittatus_EviA45_EviUr1_EviN,Eulimnogammarus_vittatus_EviA99_EviUr1_EviN,Eulimnogammarus_vittatus_Kur_41_EviUr1_EviN,Eulimnogammarus_vittatus_EviA105_EviUr1_EviN,Eulimnogammarus_vittatus_155_2_EviUr1_EviN,Eulimnogammarus_vittatus_EviA101_EviUr1_EviN,Eulimnogammarus_vittatus_UB_4_EviUr1_EviN,Eulimnogammarus_vittatus_EviPB83_NC025564111537_EviS,Eulimnogammarus_vittatus_EviPB87_NC025564111537_EviS,Eulimnogammarus_vittatus_kbjd100_1_NC025564111537_EviS,Eulimnogammarus_vittatus_kbjd100_3_NC025564111537_EviS,Eulimnogammarus_vittatus_kbjd100_2_NC025564111537_EviS,Eulimnogammarus_vittatus_EviPB84_NC025564111537_EviS,Eulimnogammarus_vittatus_Evi_Baikalsk_B38_NC025564111537_EviS,MK887740_Eulimnogammarus_vittatus_voucher_Evi_Baikalsk_B38_NC025564111537_EviS,Eulimnogammarus_vittatus_SR_5_NC025564111537_EviS,Eulimnogammarus_vittatus_Vy_5_NC025564111537_EviS,Eulimnogammarus_vittatus_Vy_3_NC025564111537_EviS,MK887738_Eulimnogammarus_vittatus_voucher_Evi_Baikalsk_B36_NC025564111537_EviS,Eulimnogammarus_vittatus_Vy_2_NC025564111537_EviS,Eulimnogammarus_vittatus_Vy_7_NC025564111537_EviS,Eulimnogammarus_vittatus_Vy_4_NC025564111537_EviS,Eulimnogammarus_vittatus_Vy_6_NC025564111537_EviS,Eulimnogammarus_vittatus_SR_1_NC025564111537_EviS,Eulimnogammarus_vittatus_SR_2_NC025564111537_EviS,Eulimnogammarus_vittatus_Vy_1_NC025564111537_EviS,Eulimnogammarus_vittatus_Vy_9_NC025564111537_EviS,Eulimnogammarus_vittatus_SR_3_NC025564111537_EviS,MK887735_Eulimnogammarus_vittatus_voucher_Evi_Baikalsk_B27_NC025564111537_EviS,Eulimnogammarus_vittatus_Vy_8_NC025564111537_EviS,MK887734_Eulimnogammarus_vittatus_voucher_Evi_Baikalsk_B26_NC025564111537_EviS,MK887736_Eulimnogammarus_vittatus_voucher_Evi_Baikalsk_B28_NC025564111537_EviS,Eulimnogammarus_vittatus_Evi_Baikalsk_B37_NC025564111537_EviS,MK887739_Eulimnogammarus_vittatus_voucher_Evi_Baikalsk_B37_NC025564111537_EviS,MK887737_Eulimnogammarus_vittatus_voucher_Evi_Baikalsk_B33_NC025564111537_EviS,Eulimnogammarus_vittatus_EviPB86_NC025564111537_EviS,Eulimnogammarus_vittatus_kbjd100_4_NC025564111537_EviS,Eulimnogammarus_vittatus_158_2_EviUr1_EviN,Eulimnogammarus_vittatus_155_1_EviUr1_EviN,Eulimnogammarus_vittatus_158_1_EviUr1_EviN,Eulimnogammarus_vittatus_Uz1_2_EviUr1_EviN,Eulimnogammarus_vittatus_UB_6_SRR3467061Naumenko_EviW,Eulimnogammarus_vittatus_Ya8_SRR3467061Naumenko_EviW,Eulimnogammarus_vittatus_Uz1_3_SRR3467061Naumenko_EviW,Eulimnogammarus_vittatus_Uz2_1_SRR3467061Naumenko_EviW,Eulimnogammarus_vittatus_Uz2_3_SRR3467061Naumenko_EviW,Eulimnogammarus_vittatus_Uz2_4_SRR3467061Naumenko_EviW,Eulimnogammarus_vittatus_Uz1_1_SRR3467061Naumenko_EviW,Eulimnogammarus_vittatus_Uz3_2_SRR3467061Naumenko_EviW,Eulimnogammarus_vittatus_Uz3_1_SRR3467061Naumenko_EviW,Eulimnogammarus_vittatus_Konn_6_SRR3467061Naumenko_EviW,Eulimnogammarus_vittatus_GB_3_SRR3467061Naumenko_EviW,Eulimnogammarus_vittatus_Konn_1_SRR3467061Naumenko_EviW,Eulimnogammarus_vittatus_Konn_7_SRR3467061Naumenko_EviW,Eulimnogammarus_vittatus_GB_1_SRR3467061Naumenko_EviW,Eulimnogammarus_vittatus_Konn_13_SRR3467061Naumenko_EviW,Eulimnogammarus_vittatus_Konn_10_SRR3467061Naumenko_EviW,Eulimnogammarus_vittatus_Konn_5_SRR3467061Naumenko_EviW,Eulimnogammarus_vittatus_AmspA63_SRR3467061Naumenko_EviW,Eulimnogammarus_vittatus_Konn_4_SRR3467061Naumenko_EviW,Eulimnogammarus_vittatus_Konn_9_SRR3467061Naumenko_EviW,Eulimnogammarus_vittatus_AmspA80_SRR3467061Naumenko_EviW,Eulimnogammarus_vittatus_Konn_14_SRR3467061Naumenko_EviW,Eulimnogammarus_vittatus_Y_28_SRR3467061Naumenko_EviW,Eulimnogammarus_vittatus_AmspA64_SRR3467061Naumenko_EviW,MK887743_Eulimnogammarus_vittatus_voucher_Evi_Listvyanka_Y03_SRR3467061Naumenko_EviW,Eulimnogammarus_vittatus_Konn_12_SRR3467061Naumenko_EviW,Eulimnogammarus_vittatus_GB_4_SRR3467061Naumenko_EviW,Eulimnogammarus_vittatus_Konn_15_SRR3467061Naumenko_EviW,MK887750_Eulimnogammarus_vittatus_voucher_Evi_Bolshie_Koty_K19_SRR3467061Naumenko_EviW,Eulimnogammarus_vittatus_BG_SRR3467061Naumenko_EviW,Eulimnogammarus_vittatus_Konn_2_SRR3467061Naumenko_EviW,MK887748_Eulimnogammarus_vittatus_voucher_Evi_Bolshie_Koty_K17_SRR3467061Naumenko_EviW,Eulimnogammarus_vittatus_AmspA58_SRR3467061Naumenko_EviW,Eulimnogammarus_vittatus_Konn_11_SRR3467061Naumenko_EviW,MK887742_Eulimnogammarus_vittatus_voucher_Evi_Listvyanka_Y02_SRR3467061Naumenko_EviW,MK887755_Eulimnogammarus_vittatus_voucher_Evi_Bolshie_Koty_K25_SRR3467061Naumenko_EviW,MK887751_Eulimnogammarus_vittatus_voucher_Evi_Bolshie_Koty_K20_SRR3467061Naumenko_EviW,Eulimnogammarus_vittatus_Amspa61_SRR3467061Naumenko_EviW,MK887753_Eulimnogammarus_vittatus_voucher_Evi_Bolshie_Koty_K22_SRR3467061Naumenko_EviW,Eulimnogammarus_vittatus_AmspA23_SRR3467061Naumenko_EviW,Eulimnogammarus_vittatus_AmspA59_SRR3467061Naumenko_EviW,MK887754_Eulimnogammarus_vittatus_voucher_Evi_Bolshie_Koty_K23_SRR3467061Naumenko_EviW,Eulimnogammarus_vittatus_AmspA60_SRR3467061Naumenko_EviW,Eulimnogammarus_vittatus_EviL79_SRR3467061Naumenko_EviW,MK887749_Eulimnogammarus_vittatus_voucher_Evi_Bolshie_Koty_K18_SRR3467061Naumenko_EviW,Eulimnogammarus_vittatus_Konn_3_SRR3467061Naumenko_EviW,MK887752_Eulimnogammarus_vittatus_voucher_Evi_Bolshie_Koty_K21_SRR3467061Naumenko_EviW,MK887746_Eulimnogammarus_vittatus_voucher_Evi_Listvyanka_Y07_SRR3467061Naumenko_EviW,Eulimnogammarus_vittatus_EviL81_SRR3467061Naumenko_EviW,Eulimnogammarus_vittatus_MK887755_1_BK_SRR3467061Naumenko_EviW,Eulimnogammarus_vittatus_AmspA79_SRR3467061Naumenko_EviW,MK887747_Eulimnogammarus_vittatus_voucher_Evi_Bolshie_Koty_K16_SRR3467061Naumenko_EviW,Eulimnogammarus_vittatus_Uz2_2_SRR3467061Naumenko_EviW,Eulimnogammarus_vittatus_AmspA65_SRR3467061Naumenko_EviW,Eulimnogammarus_vittatus_MK887746_1_L_SRR3467061Naumenko_EviW,Eulimnogammarus_vittatus_Konn_8_SRR3467061Naumenko_EviW,Eulimnogammarus_vittatus_AmspA57_SRR3467061Naumenko_EviW,Eulimnogammarus_vittatus_MK887754_1_BK_SRR3467061Naumenko_EviW
Eulimnogammarus_vittatus_BolR_1_SRR3467061Naumenko_EviW,0,0.0043756369,0.0021520417,0.0064373999,0.0043082915,0.0021522967,0.0043405426,0.0823253499,0.0823253499,0.0823253499,0.0823253499,0.0823253499,0.0823253499,0.0823253499,0.0823253499,0.0823253499,0.0912103277,0.0912103277,0.0912103277,0.0912103277,0.0867904254,0.0867904254,0.0867904254,0.0981517065,0.0889843508,0.1007897402,0.0889880378,0.0867733613,0.0845425964,0.0845772431,0.0890064625,0.0890064625,0.0890064625,0.0890064625,0.0890064625,0.0890064625,0.0890064625,0.0890064625,0.0890064625,0.0890064625,0.0912099156,0.0911952544,0.0913025550,0.0914699563,0.0914699563,0.0914699563,0.0914699563,0.0914699563,0.0936845474,0.1746158297,0.1790149451,0.1788480685,0.1724802137,0.1724828836,0.1703876033,0.1767968494,0.1767968494,0.1767574275,0.1767574275,0.1767574275,0.1767574275,0.1767574275,0.1809978358,0.1812975197,0.1767824861,0.1725078297,0.1724889401,0.1724889401,0.1724889401,0.1724889401,0.1788372932,0.1724942492,0.1703968671,0.1703941976,0.1746142389,0.1746142389,0.1746142389,0.1682988539,0.1725036397,0.0913440220,0.0935755747,0.0937737444,0.0755280910,0.0181350990,0.0469991742,0.0558221514,0.0580777459,0.0558723305,0.0580434026,0.0448221044,0.0358936065,0.0462286325,0.0065358773,0.0132152584,0.0130854114,0.0177497116,0.0153701657,0.0175873659,0.0064822874,0.0043390334,0.0043378562,0.0043371722,0.0087849806,0.0021786159,0.0132044222,0.0109405295,0.0043363467,0.0021475177,0.0043188191,0.0043461843,0.0043368523,0.0021499595,0.0000020,0.0,0.0,0.0,0.0,0.0,0.0,0.0,0.0,0.0,0.0,0.0,0.0,0.0,0.0,0.0,0.0,0.0,0.0,0.0,0.0,0.0,0.0,0.0,0.0,0.0,0.0,0.0,0.0
Eulimnogammarus_vittatus_BolR_2_SRR3467061Naumenko_EviW,0.0043756369,0,0.0065175054,0.0108048636,0.0086757552,0.0065197604,0.0087080063,0.0866969868,0.0866969868,0.0866969868,0.0866969868,0.0866969868,0.0866969868,0.0866969868,0.0866969868,0.0866969868,0.0955819646,0.0955819646,0.0955819646,0.0955819646,0.0911620623,0.0911620623,0.0911620623,0.1025233434,0.0933559877,0.1051613771,0.0933596747,0.0911449982,0.0889142333,0.0889488800,0.0933780994,0.0933780994,0.0933780994,0.0933780994,0.0933780994,0.0933780994,0.0933780994,0.0933780994,0.0933780994,0.0933780994,0.0955815525,0.0955668913,0.0956741919,0.0958415932,0.0958415932,0.0958415932,0.0958415932,0.0958415932,0.0980561843,0.1789874666,0.1833865820,0.1832197054,0.1768518506,0.1768545205,0.1747592402,0.1811684863,0.1811684863,0.1811290644,0.1811290644,0.1811290644,0.1811290644,0.1811290644,0.1853694727,0.1856691566,0.1811541230,0.1768794666,0.1768605770,0.1768605770,0.1768605770,0.1768605770,0.1832089301,0.1768658861,0.1747685040,0.1747658345,0.1789858758,0.1789858758,0.1789858758,0.1726704908,0.1768752766,0.0957156589,0.0979472116,0.0981453813,0.0798997279,0.0225067359,0.0513708111,0.0601937883,0.0624493828,0.0602439674,0.0624150395,0.0491937413,0.0402652434,0.0506002694,0.0109075142,0.0175868953,0.0174570483,0.0221213485,0.0197418026,0.0219590028,0.0108539243,0.0087106703,0.0087094931,0.0087088091,0.0131566175,0.0065502528,0.0175760591,0.0153121664,0.0087079836,0.0065191546,0.0086904560,0.0087178212,0.0087084892,0.0065215964,0.0043756369,0.0043756369,0.0043756369,0.0043756369,0.0043756369,0.0043756369,0.0043756369,0.0043756369,0.0043756369,0.0043756369,0.0043756369,0.0043756369,0.0043756369,0.0043756369,0.0043756369,0.0043756369,0.0043756369,0.0043756369,0.0043756369,0.0043756369,0.0043756369,0.0043756369,0.0043756369,0.0043756369,0.0043756369,0.0043756369,0.0043756369,0.0043756369,0.0043756369
MK887741_Eulimnogammarus_vittatus_voucher_Evi_Listvyanka_Y01_SRR3467061Naumenko_EviW,0.0021520417,0.0065175054,0,0.0085812684,0.0064521600,0.0042961652,0.0064844111,0.0844733916,0.0844733916,0.0844733916,0.0844733916,0.0844733916,0.0844733916,0.0844733916,0.0844733916,0.0844733916,0.0933583694,0.0933583694,0.0933583694,0.0933583694,0.0889384671,0.0889384671,0.0889384671,0.1002997482,0.0911323925,0.1029377819,0.0911360795,0.0889214030,0.0866906381,0.0867252848,0.0911545042,0.0911545042,0.0911545042,0.0911545042,0.0911545042,0.0911545042,0.0911545042,0.0911545042,0.0911545042,0.0911545042,0.0933579573,0.0933432961,0.0934505967,0.0936179980,0.0936179980,0.0936179980,0.0936179980,0.0936179980,0.0958325891,0.1767638714,0.1811629868,0.1809961102,0.1746282554,0.1746309253,0.1725356450,0.1789448911,0.1789448911,0.1789054692,0.1789054692,0.1789054692,0.1789054692,0.1789054692,0.1831458775,0.1834455614,0.1789305278,0.1746558714,0.1746369818,0.1746369818,0.1746369818,0.1746369818,0.1809853349,0.1746422909,0.1725449088,0.1725422393,0.1767622806,0.1767622806,0.1767622806,0.1704468956,0.1746516814,0.0934920637,0.0957236164,0.0959217861,0.0776761327,0.0202831407,0.0491472159,0.0579701931,0.0602257876,0.0580203722,0.0601914443,0.0469701461,0.0380416482,0.0483766742,0.0086839190,0.0153633001,0.0152334531,0.0198977533,0.0175182074,0.0197354076,0.0086303291,0.0064870751,0.0064858979,0.0064852139,0.0109330223,0.0043266576,0.0153524639,0.0130885712,0.0064843884,0.0042955594,0.0064668608,0.0064942260,0.0064848940,0.0042980012,0.0021520417,0.0021520417,0.0021520417,0.0021520417,0.0021520417,0.0021520417,0.0021520417,0.0021520417,0.0021520417,0.0021520417,0.0021520417,0.0021520417,0.0021520417,0.0021520417,0.0021520417,0.0021520417,0.0021520417,0.0021520417,0.0021520417,0.0021520417,0.0021520417,0.0021520417,0.0021520417,0.0021520417,0.0021520417,0.0021520417,0.0021520417,0.0021520417,0.0021520417
Eulimnogammarus_vittatus_GB_5_SRR3467061Naumenko_EviW,0.0064373999,0.0108048636,0.0085812684,0,0.0021311084,0.0042893168,0.0107657431,0.0887587498,0.0887587498,0.0887587498,0.0887587498,0.0887587498,0.0887587498,0.0887587498,0.0887587498,0.0887587498,0.0976437276,0.0976437276,0.0976437276,0.0976437276,0.0932238253,0.0932238253,0.0932238253,0.1045851064,0.0954177507,0.1072231401,0.0954214377,0.0932067612,0.0909759963,0.0910106430,0.0954398624,0.0954398624,0.0954398624,0.0954398624,0.0954398624,0.0954398624,0.0954398624,0.0954398624,0.0954398624,0.0954398624,0.0976433155,0.0976286543,0.0977359549,0.0979033562,0.0979033562,0.0979033562,0.0979033562,0.0979033562,0.1001179473,0.1810492296,0.1854483450,0.1852814684,0.1789136136,0.1789162835,0.1768210032,0.1832302493,0.1832302493,0.1831908274,0.1831908274,0.1831908274,0.1831908274,0.1831908274,0.1874312357,0.1877309196,0.1832158860,0.1789412296,0.1789223400,0.1789223400,0.1789223400,0.1789223400,0.1852706931,0.1789276491,0.1768302670,0.1768275975,0.1810476388,0.1810476388,0.1810476388,0.1747322538,0.1789370396,0.0977774219,0.1000089746,0.1002071443,0.0819614909,0.0245684989,0.0534325741,0.0622555513,0.0645111458,0.0623057304,0.0644768025,0.0512555043,0.0423270064,0.0526620324,0.0129692772,0.0196486583,0.0195188113,0.0241831115,0.0218035656,0.0240207658,0.0129156873,0.0107724333,0.0107712561,0.0107705721,0.0152183805,0.0086120158,0.0196378221,0.0173739294,0.0107697466,0.0085809176,0.0107522190,0.0107795842,0.0107702522,0.0085833594,0.0064373999,0.0064373999,0.0064373999,0.0064373999,0.0064373999,0.0064373999,0.0064373999,0.0064373999,0.0064373999,0.0064373999,0.0064373999,0.0064373999,0.0064373999,0.0064373999,0.0064373999,0.0064373999,0.0064373999,0.0064373999,0.0064373999,0.0064373999,0.0064373999,0.0064373999,0.0064373999,0.0064373999,0.0064373999,0.0064373999,0.0064373999,0.0064373999,0.0064373999
MK887745_Eulimnogammarus_vittatus_voucher_Evi_Listvyanka_Y05_SRR3467061Naumenko_EviW,0.0043082915,0.0086757552,0.0064521600,0.0021311084,0,0.0021602084,0.0086366347,0.0866296414,0.0866296414,0.0866296414,0.0866296414,0.0866296414,0.0866296414,0.0866296414,0.0866296414,0.0866296414,0.0955146192,0.0955146192,0.0955146192,0.0955146192,0.0910947169,0.0910947169,0.0910947169,0.1024559980,0.0932886423,0.1050940317,0.0932923293,0.0910776528,0.0888468879,0.0888815346,0.0933107540,0.0933107540,0.0933107540,0.0933107540,0.0933107540,0.0933107540,0.0933107540,0.0933107540,0.0933107540,0.0933107540,0.0955142071,0.0954995459,0.0956068465,0.0957742478,0.0957742478,0.0957742478,0.0957742478,0.0957742478,0.0979888389,0.1789201212,0.1833192366,0.1831523600,0.1767845052,0.1767871751,0.1746918948,0.1811011409,0.1811011409,0.1810617190,0.1810617190,0.1810617190,0.1810617190,0.1810617190,0.1853021273,0.1856018112,0.1810867776,0.1768121212,0.1767932316,0.1767932316,0.1767932316,0.1767932316,0.1831415847,0.1767985407,0.1747011586,0.1746984891,0.1789185304,0.1789185304,0.1789185304,0.1726031454,0.1768079312,0.0956483135,0.0978798662,0.0980780359,0.0798323825,0.0224393905,0.0513034657,0.0601264429,0.0623820374,0.0601766220,0.0623476941,0.0491263959,0.0401978980,0.0505329240,0.0108401688,0.0175195499,0.0173897029,0.0220540031,0.0196744572,0.0218916574,0.0107865789,0.0086433249,0.0086421477,0.0086414637,0.0130892721,0.0064829074,0.0175087137,0.0152448210,0.0086406382,0.0064518092,0.0086231106,0.0086504758,0.0086411438,0.0064542510,0.0043082915,0.0043082915,0.0043082915,0.0043082915,0.0043082915,0.0043082915,0.0043082915,0.0043082915,0.0043082915,0.0043082915,0.0043082915,0.0043082915,0.0043082915,0.0043082915,0.0043082915,0.0043082915,0.0043082915,0.0043082915,0.0043082915,0.0043082915,0.0043082915,0.0043082915,0.0043082915,0.0043082915,0.0043082915,0.0043082915,0.0043082915,0.0043082915,0.0043082915
MK887744_Eulimnogammarus_vittatus_voucher_Evi_Listvyanka_Y04_SRR3467061Naumenko_EviW,0.0021522967,0.0065197604,0.0042961652,0.0042893168,0.0021602084,0,0.0064806399,0.0844736466,0.0844736466,0.0844736466,0.0844736466,0.0844736466,0.0844736466,0.0844736466,0.0844736466,0.0844736466,0.0933586244,0.0933586244,0.0933586244,0.0933586244,0.0889387221,0.0889387221,0.0889387221,0.1003000032,0.0911326475,0.1029380369,0.0911363345,0.0889216580,0.0866908931,0.0867255398,0.0911547592,0.0911547592,0.0911547592,0.0911547592,0.0911547592,0.0911547592,0.0911547592,0.0911547592,0.0911547592,0.0911547592,0.0933582123,0.0933435511,0.0934508517,0.0936182530,0.0936182530,0.0936182530,0.0936182530,0.0936182530,0.0958328441,0.1767641264,0.1811632418,0.1809963652,0.1746285104,0.1746311803,0.1725359000,0.1789451461,0.1789451461,0.1789057242,0.1789057242,0.1789057242,0.1789057242,0.1789057242,0.1831461325,0.1834458164,0.1789307828,0.1746561264,0.1746372368,0.1746372368,0.1746372368,0.1746372368,0.1809855899,0.1746425459,0.1725451638,0.1725424943,0.1767625356,0.1767625356,0.1767625356,0.1704471506,0.1746519364,0.0934923187,0.0957238714,0.0959220411,0.0776763877,0.0202833957,0.0491474709,0.0579704481,0.0602260426,0.0580206272,0.0601916993,0.0469704011,0.0380419032,0.0483769292,0.0086841740,0.0153635551,0.0152337081,0.0198980083,0.0175184624,0.0197356626,0.0086305841,0.0064873301,0.0064861529,0.0064854689,0.0109332773,0.0043269126,0.0153527189,0.0130888262,0.0064846434,0.0042958144,0.0064671158,0.0064944810,0.0064851490,0.0042982562,0.0021522967,0.0021522967,0.0021522967,0.0021522967,0.0021522967,0.0021522967,0.0021522967,0.0021522967,0.0021522967,0.0021522967,0.0021522967,0.0021522967,0.0021522967,0.0021522967,0.0021522967,0.0021522967,0.0021522967,0.0021522967,0.0021522967,0.0021522967,0.0021522967,0.0021522967,0.0021522967,0.0021522967,0.0021522967,0.0021522967,0.0021522967,0.0021522967,0.0021522967
Eulimnogammarus_vittatus_EviL80_SRR3467061Naumenko_EviW,0.0043405426,0.0087080063,0.0064844111,0.0107657431,0.0086366347,0.0064806399,0,0.0866618925,0.0866618925,0.0866618925,0.0866618925,0.0866618925,0.0866618925,0.0866618925,0.0866618925,0.0866618925,0.0955468703,0.0955468703,0.0955468703,0.0955468703,0.0911269680,0.0911269680,0.0911269680,0.1024882491,0.0933208934,0.1051262828,0.0933245804,0.0911099039,0.0888791390,0.0889137857,0.0933430051,0.0933430051,0.0933430051,0.0933430051,0.0933430051,0.0933430051,0.0933430051,0.0933430051,0.0933430051,0.0933430051,0.0955464582,0.0955317970,0.0956390976,0.0958064989,0.0958064989,0.0958064989,0.0958064989,0.0958064989,0.0980210900,0.1789523723,0.1833514877,0.1831846111,0.1768167563,0.1768194262,0.1747241459,0.1811333920,0.1811333920,0.1810939701,0.1810939701,0.1810939701,0.1810939701,0.1810939701,0.1853343784,0.1856340623,0.1811190287,0.1768443723,0.1768254827,0.1768254827,0.1768254827,0.1768254827,0.1831738358,0.1768307918,0.1747334097,0.1747307402,0.1789507815,0.1789507815,0.1789507815,0.1726353965,0.1768401823,0.0956805646,0.0979121173,0.0981102870,0.0798646336,0.0224716416,0.0513357168,0.0601586940,0.0624142885,0.0602088731,0.0623799452,0.0491586470,0.0402301491,0.0505651751,0.0108724199,0.0175518010,0.0174219540,0.0220862542,0.0197067083,0.0219239085,0.0108188300,0.0086755760,0.0086743988,0.0086737148,0.0131215232,0.0065151585,0.0175409648,0.0152770721,0.0086728893,0.0064840603,0.0086553617,0.0086827269,0.0086733949,0.0064865021,0.0043405426,0.0043405426,0.0043405426,0.0043405426,0.0043405426,0.0043405426,0.0043405426,0.0043405426,0.0043405426,0.0043405426,0.0043405426,0.0043405426,0.0043405426,0.0043405426,0.0043405426,0.0043405426,0.0043405426,0.0043405426,0.0043405426,0.0043405426,0.0043405426,0.0043405426,0.0043405426,0.0043405426,0.0043405426,0.0043405426,0.0043405426,0.0043405426,0.0043405426
Eulimnogammarus_vittatus_Ya1_EviUr1_EviN,0.0823253499,0.0866969868,0.0844733916,0.0887587498,0.0866296414,0.0844736466,0.0866618925,0,0.0,0.0,0.0,0.0,0.0,0.0,0.0,0.0000020,0.0088889778,0.0088889778,0.0088889778,0.0088889778,0.0044690755,0.0044690755,0.0044690755,0.0158303566,0.0066630009,0.0184683903,0.0066666879,0.0044520114,0.0022212465,0.0022558932,0.0066902396,0.0066902396,0.0066902396,0.0066902396,0.0066902396,0.0066902396,0.0066902396,0.0066902396,0.0066902396,0.0066902396,0.0088936927,0.0088790315,0.0089863321,0.0091537334,0.0091537334,0.0091537334,0.0091537334,0.0091537334,0.0113683245,0.0923046612,0.0967037766,0.0965369000,0.0901690452,0.0901717151,0.0880764348,0.0944856809,0.0944856809,0.0944462590,0.0944462590,0.0944462590,0.0944462590,0.0944462590,0.0986866673,0.0989863512,0.0944713176,0.0901966612,0.0901777716,0.0901777716,0.0901777716,0.0901777716,0.0965261247,0.0901830807,0.0880856986,0.0880830291,0.0923030704,0.0923030704,0.0923030704,0.0859876854,0.0901924712,0.0090328535,0.0112644062,0.0114625759,0.0068014813,0.0641949475,0.1206486271,0.1294716043,0.1317271988,0.1295217834,0.1316928555,0.1184715573,0.1095430594,0.1198780854,0.0801853302,0.0868647113,0.0910627887,0.0957270889,0.0933475430,0.0955647432,0.0844596647,0.0823164107,0.0823152335,0.0823145495,0.0867623579,0.0801559932,0.0911817995,0.0889179068,0.0823137240,0.0844627454,0.0866381690,0.0866655342,0.0866562022,0.0844693094,0.0823253499,0.0823253499,0.0823253499,0.0823253499,0.0823253499,0.0823253499,0.0823253499,0.0823253499,0.0823253499,0.0823253499,0.0823253499,0.0823253499,0.0823253499,0.0823253499,0.0823253499,0.0823253499,0.0823253499,0.0823253499,0.0823253499,0.0823253499,0.0823253499,0.0823253499,0.0823253499,0.0823253499,0.0823253499,0.0823253499,0.0823253499,0.0823253499,0.0823253499
Eulimnogammarus_vittatus_EviA104_EviUr1_EviN,0.0823253499,0.0866969868,0.0844733916,0.0887587498,0.0866296414,0.0844736466,0.0866618925,0.0,0,0.0,0.0,0.0,0.0,0.0,0.0,0.0000020,0.0088889778,0.0088889778,0.0088889778,0.0088889778,0.0044690755,0.0044690755,0.0044690755,0.0158303566,0.0066630009,0.0184683903,0.0066666879,0.0044520114,0.0022212465,0.0022558932,0.0066902396,0.0066902396,0.0066902396,0.0066902396,0.0066902396,0.0066902396,0.0066902396,0.0066902396,0.0066902396,0.0066902396,0.0088936927,0.0088790315,0.0089863321,0.0091537334,0.0091537334,0.0091537334,0.0091537334,0.0091537334,0.0113683245,0.0923046612,0.0967037766,0.0965369000,0.0901690452,0.0901717151,0.0880764348,0.0944856809,0.0944856809,0.0944462590,0.0944462590,0.0944462590,0.0944462590,0.0944462590,0.0986866673,0.0989863512,0.0944713176,0.0901966612,0.0901777716,0.0901777716,0.0901777716,0.0901777716,0.0965261247,0.0901830807,0.0880856986,0.0880830291,0.0923030704,0.0923030704,0.0923030704,0.0859876854,0.0901924712,0.0090328535,0.0112644062,0.0114625759,0.0068014813,0.0641949475,0.1206486271,0.1294716043,0.1317271988,0.1295217834,0.1316928555,0.1184715573,0.1095430594,0.1198780854,0.0801853302,0.0868647113,0.0910627887,0.0957270889,0.0933475430,0.0955647432,0.0844596647,0.0823164107,0.0823152335,0.0823145495,0.0867623579,0.0801559932,0.0911817995,0.0889179068,0.0823137240,0.0844627454,0.0866381690,0.0866655342,0.0866562022,0.0844693094,0.0823253499,0.0823253499,0.0823253499,0.0823253499,0.0823253499,0.0823253499,0.0823253499,0.0823253499,0.0823253499,0.0823253499,0.0823253499,0.0823253499,0.0823253499,0.0823253499,0.0823253499,0.0823253499,0.0823253499,0.0823253499,0.0823253499,0.0823253499,0.0823253499,0.0823253499,0.0823253499,0.0823253499,0.0823253499,0.0823253499,0.0823253499,0.0823253499,0.0823253499
Eulimnogammarus_vittatus_Ya5_EviUr1_EviN,0.0823253499,0.0866969868,0.0844733916,0.0887587498,0.0866296414,0.0844736466,0.0866618925,0.0,0.0,0,0.0,0.0,0.0,0.0,0.0,0.0000020,0.0088889778,0.0088889778,0.0088889778,0.0088889778,0.0044690755,0.0044690755,0.0044690755,0.0158303566,0.0066630009,0.0184683903,0.0066666879,0.0044520114,0.0022212465,0.0022558932,0.0066902396,0.0066902396,0.0066902396,0.0066902396,0.0066902396,0.0066902396,0.0066902396,0.0066902396,0.0066902396,0.0066902396,0.0088936927,0.0088790315,0.0089863321,0.0091537334,0.0091537334,0.0091537334,0.0091537334,0.0091537334,0.0113683245,0.0923046612,0.0967037766,0.0965369000,0.0901690452,0.0901717151,0.0880764348,0.0944856809,0.0944856809,0.0944462590,0.0944462590,0.0944462590,0.0944462590,0.0944462590,0.0986866673,0.0989863512,0.0944713176,0.0901966612,0.0901777716,0.0901777716,0.0901777716,0.0901777716,0.0965261247,0.0901830807,0.0880856986,0.0880830291,0.0923030704,0.0923030704,0.0923030704,0.0859876854,0.0901924712,0.0090328535,0.0112644062,0.0114625759,0.0068014813,0.0641949475,0.1206486271,0.1294716043,0.1317271988,0.1295217834,0.1316928555,0.1184715573,0.1095430594,0.1198780854,0.0801853302,0.0868647113,0.0910627887,0.0957270889,0.0933475430,0.0955647432,0.0844596647,0.0823164107,0.0823152335,0.0823145495,0.0867623579,0.0801559932,0.0911817995,0.0889179068,0.0823137240,0.0844627454,0.0866381690,0.0866655342,0.0866562022,0.0844693094,0.0823253499,0.0823253499,0.0823253499,0.0823253499,0.0823253499,0.0823253499,0.0823253499,0.0823253499,0.0823253499,0.0823253499,0.0823253499,0.0823253499,0.0823253499,0.0823253499,0.0823253499,0.0823253499,0.0823253499,0.0823253499,0.0823253499,0.0823253499,0.0823253499,0.0823253499,0.0823253499,0.0823253499,0.0823253499,0.0823253499,0.0823253499,0.0823253499,0.0823253499
Eulimnogammarus_vittatus_Ya3_EviUr1_EviN,0.0823253499,0.0866969868,0.0844733916,0.0887587498,0.0866296414,0.0844736466,0.0866618925,0.0,0.0,0.0,0,0.0,0.0,0.0,0.0,0.0000020,0.0088889778,0.0088889778,0.0088889778,0.0088889778,0.0044690755,0.0044690755,0.0044690755,0.0158303566,0.0066630009,0.0184683903,0.0066666879,0.0044520114,0.0022212465,0.0022558932,0.0066902396,0.0066902396,0.0066902396,0.0066902396,0.0066902396,0.0066902396,0.0066902396,0.0066902396,0.0066902396,0.0066902396,0.0088936927,0.0088790315,0.0089863321,0.0091537334,0.0091537334,0.0091537334,0.0091537334,0.0091537334,0.0113683245,0.0923046612,0.0967037766,0.0965369000,0.0901690452,0.0901717151,0.0880764348,0.0944856809,0.0944856809,0.0944462590,0.0944462590,0.0944462590,0.0944462590,0.0944462590,0.0986866673,0.0989863512,0.0944713176,0.0901966612,0.0901777716,0.0901777716,0.0901777716,0.0901777716,0.0965261247,0.0901830807,0.0880856986,0.0880830291,0.0923030704,0.0923030704,0.0923030704,0.0859876854,0.0901924712,0.0090328535,0.0112644062,0.0114625759,0.0068014813,0.0641949475,0.1206486271,0.1294716043,0.1317271988,0.1295217834,0.1316928555,0.1184715573,0.1095430594,0.1198780854,0.0801853302,0.0868647113,0.0910627887,0.0957270889,0.0933475430,0.0955647432,0.0844596647,0.0823164107,0.0823152335,0.0823145495,0.0867623579,0.0801559932,0.0911817995,0.0889179068,0.0823137240,0.0844627454,0.0866381690,0.0866655342,0.0866562022,0.0844693094,0.0823253499,0.0823253499,0.0823253499,0.0823253499,0.0823253499,0.0823253499,0.0823253499,0.0823253499,0.0823253499,0.0823253499,0.0823253499,0.0823253499,0.0823253499,0.0823253499,0.0823253499,0.0823253499,0.0823253499,0.0823253499,0.0823253499,0.0823253499,0.0823253499,0.0823253499,0.0823253499,0.0823253499,0.0823253499,0.0823253499,0.0823253499,0.0823253499,0.0823253499
Eulimnogammarus_vittatus_EviA102_EviUr1_EviN,0.0823253499,0.0866969868,0.0844733916,0.0887587498,0.0866296414,0.0844736466,0.0866618925,0.0,0.0,0.0,0.0,0,0.0,0.0,0.0,0.0000020,0.0088889778,0.0088889778,0.0088889778,0.0088889778,0.0044690755,0.0044690755,0.0044690755,0.0158303566,0.0066630009,0.0184683903,0.0066666879,0.0044520114,0.0022212465,0.0022558932,0.0066902396,0.0066902396,0.0066902396,0.0066902396,0.0066902396,0.0066902396,0.0066902396,0.0066902396,0.0066902396,0.0066902396,0.0088936927,0.0088790315,0.0089863321,0.0091537334,0.0091537334,0.0091537334,0.0091537334,0.0091537334,0.0113683245,0.0923046612,0.0967037766,0.0965369000,0.0901690452,0.0901717151,0.0880764348,0.0944856809,0.0944856809,0.0944462590,0.0944462590,0.0944462590,0.0944462590,0.0944462590,0.0986866673,0.0989863512,0.0944713176,0.0901966612,0.0901777716,0.0901777716,0.0901777716,0.0901777716,0.0965261247,0.0901830807,0.0880856986,0.0880830291,0.0923030704,0.0923030704,0.0923030704,0.0859876854,0.0901924712,0.0090328535,0.0112644062,0.0114625759,0.0068014813,0.0641949475,0.1206486271,0.1294716043,0.1317271988,0.1295217834,0.1316928555,0.1184715573,0.1095430594,0.1198780854,0.0801853302,0.0868647113,0.0910627887,0.0957270889,0.0933475430,0.0955647432,0.0844596647,0.0823164107,0.0823152335,0.0823145495,0.0867623579,0.0801559932,0.0911817995,0.0889179068,0.0823137240,0.0844627454,0.0866381690,0.0866655342,0.0866562022,0.0844693094,0.0823253499,0.0823253499,0.0823253499,0.0823253499,0.0823253499,0.0823253499,0.0823253499,0.0823253499,0.0823253499,0.0823253499,0.0823253499,0.0823253499,0.0823253499,0.0823253499,0.0823253499,0.0823253499,0.0823253499,0.0823253499,0.0823253499,0.0823253499,0.0823253499,0.0823253499,0.0823253499,0.0823253499,0.0823253499,0.0823253499,0.0823253499,0.0823253499,0.0823253499
Eulimnogammarus_vittatus_AmspA41_EviUr1_EviN,0.0823253499,0.0866969868,0.0844733916,0.0887587498,0.0866296414,0.0844736466,0.0866618925,0.0,0.0,0.0,0.0,0.0,0,0.0,0.0,0.0000020,0.0088889778,0.0088889778,0.0088889778,0.0088889778,0.0044690755,0.0044690755,0.0044690755,0.0158303566,0.0066630009,0.0184683903,0.0066666879,0.0044520114,0.0022212465,0.0022558932,0.0066902396,0.0066902396,0.0066902396,0.0066902396,0.0066902396,0.0066902396,0.0066902396,0.0066902396,0.0066902396,0.0066902396,0.0088936927,0.0088790315,0.0089863321,0.0091537334,0.0091537334,0.0091537334,0.0091537334,0.0091537334,0.0113683245,0.0923046612,0.0967037766,0.0965369000,0.0901690452,0.0901717151,0.0880764348,0.0944856809,0.0944856809,0.0944462590,0.0944462590,0.0944462590,0.0944462590,0.0944462590,0.0986866673,0.0989863512,0.0944713176,0.0901966612,0.0901777716,0.0901777716,0.0901777716,0.0901777716,0.0965261247,0.0901830807,0.0880856986,0.0880830291,0.0923030704,0.0923030704,0.0923030704,0.0859876854,0.0901924712,0.0090328535,0.0112644062,0.0114625759,0.0068014813,0.0641949475,0.1206486271,0.1294716043,0.1317271988,0.1295217834,0.1316928555,0.1184715573,0.1095430594,0.1198780854,0.0801853302,0.0868647113,0.0910627887,0.0957270889,0.0933475430,0.0955647432,0.0844596647,0.0823164107,0.0823152335,0.0823145495,0.0867623579,0.0801559932,0.0911817995,0.0889179068,0.0823137240,0.0844627454,0.0866381690,0.0866655342,0.0866562022,0.0844693094,0.0823253499,0.0823253499,0.0823253499,0.0823253499,0.0823253499,0.0823253499,0.0823253499,0.0823253499,0.0823253499,0.0823253499,0.0823253499,0.0823253499,0.0823253499,0.0823253499,0.0823253499,0.0823253499,0.0823253499,0.0823253499,0.0823253499,0.0823253499,0.0823253499,0.0823253499,0.0823253499,0.0823253499,0.0823253499,0.0823253499,0.0823253499,0.0823253499,0.0823253499
Eulimnogammarus_vittatus_EviA103_EviUr1_EviN,0.0823253499,0.0866969868,0.0844733916,0.0887587498,0.0866296414,0.0844736466,0.0866618925,0.0,0.0,0.0,0.0,0.0,0.0,0,0.0,0.0000020,0.0088889778,0.0088889778,0.0088889778,0.0088889778,0.0044690755,0.0044690755,0.0044690755,0.0158303566,0.0066630009,0.0184683903,0.0066666879,0.0044520114,0.0022212465,0.0022558932,0.0066902396,0.0066902396,0.0066902396,0.0066902396,0.0066902396,0.0066902396,0.0066902396,0.0066902396,0.0066902396,0.0066902396,0.0088936927,0.0088790315,0.0089863321,0.0091537334,0.0091537334,0.0091537334,0.0091537334,0.0091537334,0.0113683245,0.0923046612,0.0967037766,0.0965369000,0.0901690452,0.0901717151,0.0880764348,0.0944856809,0.0944856809,0.0944462590,0.0944462590,0.0944462590,0.0944462590,0.0944462590,0.0986866673,0.0989863512,0.0944713176,0.0901966612,0.0901777716,0.0901777716,0.0901777716,0.0901777716,0.0965261247,0.0901830807,0.0880856986,0.0880830291,0.0923030704,0.0923030704,0.0923030704,0.0859876854,0.0901924712,0.0090328535,0.0112644062,0.0114625759,0.0068014813,0.0641949475,0.1206486271,0.1294716043,0.1317271988,0.1295217834,0.1316928555,0.1184715573,0.1095430594,0.1198780854,0.0801853302,0.0868647113,0.0910627887,0.0957270889,0.0933475430,0.0955647432,0.0844596647,0.0823164107,0.0823152335,0.0823145495,0.0867623579,0.0801559932,0.0911817995,0.0889179068,0.0823137240,0.0844627454,0.0866381690,0.0866655342,0.0866562022,0.0844693094,0.0823253499,0.0823253499,0.0823253499,0.0823253499,0.0823253499,0.0823253499,0.0823253499,0.0823253499,0.0823253499,0.0823253499,0.0823253499,0.0823253499,0.0823253499,0.0823253499,0.0823253499,0.0823253499,0.0823253499,0.0823253499,0.0823253499,0.0823253499,0.0823253499,0.0823253499,0.0823253499,0.0823253499,0.0823253499,0.0823253499,0.0823253499,0.0823253499,0.0823253499
Eulimnogammarus_vittatus_EviA109_EviUr1_EviN,0.0823253499,0.0866969868,0.0844733916,0.0887587498,0.0866296414,0.0844736466,0.0866618925,0.0,0.0,0.0,0.0,0.0,0.0,0.0,0,0.0000020,0.0088889778,0.0088889778,0.0088889778,0.0088889778,0.0044690755,0.0044690755,0.0044690755,0.0158303566,0.0066630009,0.0184683903,0.0066666879,0.0044520114,0.0022212465,0.0022558932,0.0066902396,0.0066902396,0.0066902396,0.0066902396,0.0066902396,0.0066902396,0.0066902396,0.0066902396,0.0066902396,0.0066902396,0.0088936927,0.0088790315,0.0089863321,0.0091537334,0.0091537334,0.0091537334,0.0091537334,0.0091537334,0.0113683245,0.0923046612,0.0967037766,0.0965369000,0.0901690452,0.0901717151,0.0880764348,0.0944856809,0.0944856809,0.0944462590,0.0944462590,0.0944462590,0.0944462590,0.0944462590,0.0986866673,0.0989863512,0.0944713176,0.0901966612,0.0901777716,0.0901777716,0.0901777716,0.0901777716,0.0965261247,0.0901830807,0.0880856986,0.0880830291,0.0923030704,0.0923030704,0.0923030704,0.0859876854,0.0901924712,0.0090328535,0.0112644062,0.0114625759,0.0068014813,0.0641949475,0.1206486271,0.1294716043,0.1317271988,0.1295217834,0.1316928555,0.1184715573,0.1095430594,0.1198780854,0.0801853302,0.0868647113,0.0910627887,0.0957270889,0.0933475430,0.0955647432,0.0844596647,0.0823164107,0.0823152335,0.0823145495,0.0867623579,0.0801559932,0.0911817995,0.0889179068,0.0823137240,0.0844627454,0.0866381690,0.0866655342,0.0866562022,0.0844693094,0.0823253499,0.0823253499,0.0823253499,0.0823253499,0.0823253499,0.0823253499,0.0823253499,0.0823253499,0.0823253499,0.0823253499,0.0823253499,0.0823253499,0.0823253499,0.0823253499,0.0823253499,0.0823253499,0.0823253499,0.0823253499,0.0823253499,0.0823253499,0.0823253499,0.0823253499,0.0823253499,0.0823253499,0.0823253499,0.0823253499,0.0823253499,0.0823253499,0.0823253499
Eulimnogammarus_vittatus_Ya2_EviUr1_EviN,0.0823253499,0.0866969868,0.0844733916,0.0887587498,0.0866296414,0.0844736466,0.0866618925,0.0000020,0.0000020,0.0000020,0.0000020,0.0000020,0.0000020,0.0000020,0.0000020,0,0.0088889778,0.0088889778,0.0088889778,0.0088889778,0.0044690755,0.0044690755,0.0044690755,0.0158303566,0.0066630009,0.0184683903,0.0066666879,0.0044520114,0.0022212465,0.0022558932,0.0066902396,0.0066902396,0.0066902396,0.0066902396,0.0066902396,0.0066902396,0.0066902396,0.0066902396,0.0066902396,0.0066902396,0.0088936927,0.0088790315,0.0089863321,0.0091537334,0.0091537334,0.0091537334,0.0091537334,0.0091537334,0.0113683245,0.0923046612,0.0967037766,0.0965369000,0.0901690452,0.0901717151,0.0880764348,0.0944856809,0.0944856809,0.0944462590,0.0944462590,0.0944462590,0.0944462590,0.0944462590,0.0986866673,0.0989863512,0.0944713176,0.0901966612,0.0901777716,0.0901777716,0.0901777716,0.0901777716,0.0965261247,0.0901830807,0.0880856986,0.0880830291,0.0923030704,0.0923030704,0.0923030704,0.0859876854,0.0901924712,0.0090328535,0.0112644062,0.0114625759,0.0068014813,0.0641949475,0.1206486271,0.1294716043,0.1317271988,0.1295217834,0.1316928555,0.1184715573,0.1095430594,0.1198780854,0.0801853302,0.0868647113,0.0910627887,0.0957270889,0.0933475430,0.0955647432,0.0844596647,0.0823164107,0.0823152335,0.0823145495,0.0867623579,0.0801559932,0.0911817995,0.0889179068,0.0823137240,0.0844627454,0.0866381690,0.0866655342,0.0866562022,0.0844693094,0.0823253499,0.0823253499,0.0823253499,0.0823253499,0.0823253499,0.0823253499,0.0823253499,0.0823253499,0.0823253499,0.0823253499,0.0823253499,0.0823253499,0.0823253499,0.0823253499,0.0823253499,0.0823253499,0.0823253499,0.0823253499,0.0823253499,0.0823253499,0.0823253499,0.0823253499,0.0823253499,0.0823253499,0.0823253499,0.0823253499,0.0823253499,0.0823253499,0.0823253499
Eulimnogammarus_vittatus_Ya4_EviUr1_EviN,0.0912103277,0.0955819646,0.0933583694,0.0976437276,0.0955146192,0.0933586244,0.0955468703,0.0088889778,0.0088889778,0.0088889778,0.0088889778,0.0088889778,0.0088889778,0.0088889778,0.0088889778,0.0088889778,0,0.0,0.0,0.0000020,0.0044300623,0.0044300623,0.0044300623,0.0157913434,0.0066239877,0.0184293771,0.0066276747,0.0088522390,0.0110999001,0.0111388710,0.0155752174,0.0155752174,0.0155752174,0.0155752174,0.0155752174,0.0155752174,0.0155752174,0.0155752174,0.0155752174,0.0155752174,0.0177786705,0.0177640093,0.0178713099,0.0180387112,0.0180387112,0.0180387112,0.0180387112,0.0180387112,0.0202533023,0.1011896390,0.1055887544,0.1054218778,0.0990540230,0.0990566929,0.0969614126,0.1033706587,0.1033706587,0.1033312368,0.1033312368,0.1033312368,0.1033312368,0.1033312368,0.1075716451,0.1078713290,0.1033562954,0.0990816390,0.0990627494,0.0990627494,0.0990627494,0.0990627494,0.1054111025,0.0990680585,0.0969706764,0.0969680069,0.1011880482,0.1011880482,0.1011880482,0.0948726632,0.0990774490,0.0179178313,0.0201493840,0.0203475537,0.0156864591,0.0730799253,0.1295336049,0.1383565821,0.1406121766,0.1384067612,0.1405778333,0.1273565351,0.1184280372,0.1287630632,0.0890703080,0.0957496891,0.0999477665,0.1046120667,0.1022325208,0.1044497210,0.0933446425,0.0912013885,0.0912002113,0.0911995273,0.0956473357,0.0890409710,0.1000667773,0.0978028846,0.0911987018,0.0933477232,0.0955231468,0.0955505120,0.0955411800,0.0933542872,0.0912103277,0.0912103277,0.0912103277,0.0912103277,0.0912103277,0.0912103277,0.0912103277,0.0912103277,0.0912103277,0.0912103277,0.0912103277,0.0912103277,0.0912103277,0.0912103277,0.0912103277,0.0912103277,0.0912103277,0.0912103277,0.0912103277,0.0912103277,0.0912103277,0.0912103277,0.0912103277,0.0912103277,0.0912103277,0.0912103277,0.0912103277,0.0912103277,0.0912103277
