,Eulimnogammarus_vittatus_BolR_1_SRR3467061Naumenko_EviW,Eulimnogammarus_vittatus_BolR_2_SRR3467061Naumenko_EviW,MK887743_Eulimnogammarus_vittatus_voucher_Evi_Listvyanka_Y03_SRR3467061Naumenko_EviW,Eulimnogammarus_vittatus_BG_SRR3467061Naumenko_EviW,Eulimnogammarus_vittatus_GB_5_SRR3467061Naumenko_EviW,MK887745_Eulimnogammarus_vittatus_voucher_Evi_Listvyanka_Y05_SRR3467061Naumenko_EviW,MK887744_Eulimnogammarus_vittatus_voucher_Evi_Listvyanka_Y04_SRR3467061Naumenko_EviW,Eulimnogammarus_vittatus_Ya1_EviUr1_EviN,Eulimnogammarus_vittatus_Ya5_EviUr1_EviN,Eulimnogammarus_vittatus_EviA103_EviUr1_EviN,Eulimnogammarus_vittatus_EviA102_EviUr1_EviN,Eulimnogammarus_vittatus_Ya3_EviUr1_EviN,Eulimnogammarus_vittatus_AmspA41_EviUr1_EviN,Eulimnogammarus_vittatus_EviA109_EviUr1_EviN,Eulimnogammarus_vittatus_EviA104_EviUr1_EviN,Eulimnogammarus_vittatus_Ya2_EviUr1_EviN,Eulimnogammarus_vittatus_Ya4_EviUr1_EviN,Eulimnogammarus_vittatus_EviA106_EviUr1_EviN,Eulimnogammarus_vittatus_Ya9_EviUr1_EviN,Eulimnogammarus_vittatus_Ya6_EviUr1_EviN,Eulimnogammarus_vittatus_G_2_EviUr1_EviN,Eulimnogammarus_vittatus_UB_5_EviUr1_EviN,Eulimnogammarus_vittatus_UB_1_EviUr1_EviN,Eulimnogammarus_vittatus_G_5_EviUr1_EviN,Eulimnogammarus_vittatus_UB_2_EviUr1_EviN,Eulimnogammarus_vittatus_G_4_EviUr1_EviN,Eulimnogammarus_vittatus_UB_3_EviUr1_EviN,Eulimnogammarus_vittatus_G_1_EviUr1_EviN,Eulimnogammarus_vittatus_EviA107_EviUr1_EviN,Eulimnogammarus_vittatus_Ya7_EviUr1_EviN,Eulimnogammarus_vittatus_EviA100_EviUr1_EviN,Eulimnogammarus_vittatus_Kur_39_EviUr1_EviN,Eulimnogammarus_vittatus_Uy7_7_EviUr1_EviN,Eulimnogammarus_vittatus_Uy_8_EviUr1_EviN,Eulimnogammarus_vittatus_EviA108_EviUr1_EviN,Eulimnogammarus_vittatus_EviA98_EviUr1_EviN,Eulimnogammarus_vittatus_AmspA55_EviUr1_EviN,Eulimnogammarus_vittatus_Kur_0_EviUr1_EviN,Eulimnogammarus_vittatus_AmspA45_EviUr1_EviN,Eulimnogammarus_vittatus_Kur_42_EviUr1_EviN,Eulimnogammarus_vittatus_Kur_40_EviUr1_EviN,Eulimnogammarus_vittatus_EviA45_EviUr1_EviN,Eulimnogammarus_vittatus_EviPB83_NC025564111537_EviS,Eulimnogammarus_vittatus_kbjd100_3_NC025564111537_EviS,Eulimnogammarus_vittatus_kbjd100_2_NC025564111537_EviS,Eulimnogammarus_vittatus_EviPB87_NC025564111537_EviS,Eulimnogammarus_vittatus_kbjd100_1_NC025564111537_EviS,Eulimnogammarus_vittatus_EviPB84_NC025564111537_EviS,Eulimnogammarus_vittatus_kbjd100_4_NC025564111537_EviS,Eulimnogammarus_vittatus_EviPB86_NC025564111537_EviS,Eulimnogammarus_vittatus_Evi_Baikalsk_B38_NC025564111537_EviS,MK887740_Eulimnogammarus_vittatus_voucher_Evi_Baikalsk_B38_NC025564111537_EviS,Eulimnogammarus_vittatus_SR_5_NC025564111537_EviS,MK887738_Eulimnogammarus_vittatus_voucher_Evi_Baikalsk_B36_NC025564111537_EviS,Eulimnogammarus_vittatus_Vy_5_NC025564111537_EviS,Eulimnogammarus_vittatus_Vy_3_NC025564111537_EviS,Eulimnogammarus_vittatus_Vy_2_NC025564111537_EviS,Eulimnogammarus_vittatus_Vy_7_NC025564111537_EviS,Eulimnogammarus_vittatus_Vy_4_NC025564111537_EviS,Eulimnogammarus_vittatus_Vy_6_NC025564111537_EviS,MK887734_Eulimnogammarus_vittatus_voucher_Evi_Baikalsk_B26_NC025564111537_EviS,MK887736_Eulimnogammarus_vittatus_voucher_Evi_Baikalsk_B28_NC025564111537_EviS,Eulimnogammarus_vittatus_SR_1_NC025564111537_EviS,Eulimnogammarus_vittatus_Evi_Baikalsk_B37_NC025564111537_EviS,MK887739_Eulimnogammarus_vittatus_voucher_Evi_Baikalsk_B37_NC025564111537_EviS,MK887737_Eulimnogammarus_vittatus_voucher_Evi_Baikalsk_B33_NC025564111537_EviS,Eulimnogammarus_vittatus_SR_2_NC025564111537_EviS,Eulimnogammarus_vittatus_Vy_1_NC025564111537_EviS,Eulimnogammarus_vittatus_Vy_9_NC025564111537_EviS,Eulimnogammarus_vittatus_SR_3_NC025564111537_EviS,MK887735_Eulimnogammarus_vittatus_voucher_Evi_Baikalsk_B27_NC025564111537_EviS,Eulimnogammarus_vittatus_Vy_8_NC025564111537_EviS,Eulimnogammarus_vittatus_Ankh_2_EviUr1_EviN,Eulimnogammarus_vittatus_155_1_EviUr1_EviN,Eulimnogammarus_vittatus_158_1_EviUr1_EviN,Eulimnogammarus_vittatus_158_2_EviUr1_EviN,Eulimnogammarus_vittatus_EviA99_EviUr1_EviN,Eulimnogammarus_vittatus_EviA105_EviUr1_EviN,Eulimnogammarus_vittatus_155_2_EviUr1_EviN,Eulimnogammarus_vittatus_Kur_41_EviUr1_EviN,Eulimnogammarus_vittatus_EviA101_EviUr1_EviN,Eulimnogammarus_vittatus_UB_4_EviUr1_EviN,Eulimnogammarus_vittatus_Uz1_2_EviUr1_EviN,Eulimnogammarus_vittatus_UB_6_SRR3467061Naumenko_EviW,Eulimnogammarus_vittatus_Ya8_SRR3467061Naumenko_EviW,Eulimnogammarus_vittatus_Uz1_3_SRR3467061Naumenko_EviW,Eulimnogammarus_vittatus_Uz2_1_SRR3467061Naumenko_EviW,Eulimnogammarus_vittatus_Uz2_3_SRR3467061Naumenko_EviW,Eulimnogammarus_vittatus_Uz2_4_SRR3467061Naumenko_EviW,Eulimnogammarus_vittatus_Uz1_1_SRR3467061Naumenko_EviW,Eulimnogammarus_vittatus_Uz3_2_SRR3467061Naumenko_EviW,Eulimnogammarus_vittatus_Uz3_1_SRR3467061Naumenko_EviW,Eulimnogammarus_vittatus_Konn_6_SRR3467061Naumenko_EviW,Eulimnogammarus_vittatus_GB_3_SRR3467061Naumenko_EviW,Eulimnogammarus_vittatus_Konn_9_SRR3467061Naumenko_EviW,Eulimnogammarus_vittatus_Konn_1_SRR3467061Naumenko_EviW,Eulimnogammarus_vittatus_Konn_7_SRR3467061Naumenko_EviW,Eulimnogammarus_vittatus_GB_1_SRR3467061Naumenko_EviW,Eulimnogammarus_vittatus_Konn_13_SRR3467061Naumenko_EviW,Eulimnogammarus_vittatus_Konn_10_SRR3467061Naumenko_EviW,Eulimnogammarus_vittatus_Konn_5_SRR3467061Naumenko_EviW,Eulimnogammarus_vittatus_Konn_4_SRR3467061Naumenko_EviW,Eulimnogammarus_vittatus_AmspA64_SRR3467061Naumenko_EviW,Eulimnogammarus_vittatus_AmspA80_SRR3467061Naumenko_EviW,Eulimnogammarus_vittatus_Konn_14_SRR3467061Naumenko_EviW,Eulimnogammarus_vittatus_AmspA63_SRR3467061Naumenko_EviW,Eulimnogammarus_vittatus_Y_28_SRR3467061Naumenko_EviW,MK887741_Eulimnogammarus_vittatus_voucher_Evi_Listvyanka_Y01_SRR3467061Naumenko_EviW,Eulimnogammarus_vittatus_Konn_12_SRR3467061Naumenko_EviW,Eulimnogammarus_vittatus_GB_4_SRR3467061Naumenko_EviW,Eulimnogammarus_vittatus_EviL80_SRR3467061Naumenko_EviW,Eulimnogammarus_vittatus_Konn_15_SRR3467061Naumenko_EviW,MK887750_Eulimnogammarus_vittatus_voucher_Evi_Bolshie_Koty_K19_SRR3467061Naumenko_EviW,Eulimnogammarus_vittatus_MK887746_1_L_SRR3467061Naumenko_EviW,Eulimnogammarus_vittatus_Amspa61_SRR3467061Naumenko_EviW,MK887754_Eulimnogammarus_vittatus_voucher_Evi_Bolshie_Koty_K23_SRR3467061Naumenko_EviW,MK887749_Eulimnogammarus_vittatus_voucher_Evi_Bolshie_Koty_K18_SRR3467061Naumenko_EviW,MK887753_Eulimnogammarus_vittatus_voucher_Evi_Bolshie_Koty_K22_SRR3467061Naumenko_EviW,Eulimnogammarus_vittatus_AmspA60_SRR3467061Naumenko_EviW,Eulimnogammarus_vittatus_AmspA57_SRR3467061Naumenko_EviW,Eulimnogammarus_vittatus_Uz2_2_SRR3467061Naumenko_EviW,Eulimnogammarus_vittatus_EviL81_SRR3467061Naumenko_EviW,MK887751_Eulimnogammarus_vittatus_voucher_Evi_Bolshie_Koty_K20_SRR3467061Naumenko_EviW,Eulimnogammarus_vittatus_AmspA23_SRR3467061Naumenko_EviW,MK887747_Eulimnogammarus_vittatus_voucher_Evi_Bolshie_Koty_K16_SRR3467061Naumenko_EviW,MK887746_Eulimnogammarus_vittatus_voucher_Evi_Listvyanka_Y07_SRR3467061Naumenko_EviW,MK887748_Eulimnogammarus_vittatus_voucher_Evi_Bolshie_Koty_K17_SRR3467061Naumenko_EviW,Eulimnogammarus_vittatus_Konn_2_SRR3467061Naumenko_EviW,MK887755_Eulimnogammarus_vittatus_voucher_Evi_Bolshie_Koty_K25_SRR3467061Naumenko_EviW,Eulimnogammarus_vittatus_MK887755_1_BK_SRR3467061Naumenko_EviW,Eulimnogammarus_vittatus_MK887754_1_BK_SRR3467061Naumenko_EviW,Eulimnogammarus_vittatus_Konn_8_SRR3467061Naumenko_EviW,Eulimnogammarus_vittatus_Konn_3_SRR3467061Naumenko_EviW,Eulimnogammarus_vittatus_EviL79_SRR3467061Naumenko_EviW,Eulimnogammarus_vittatus_Konn_11_SRR3467061Naumenko_EviW,MK887742_Eulimnogammarus_vittatus_voucher_Evi_Listvyanka_Y02_SRR3467061Naumenko_EviW,Eulimnogammarus_vittatus_AmspA59_SRR3467061Naumenko_EviW,Eulimnogammarus_vittatus_AmspA79_SRR3467061Naumenko_EviW,Eulimnogammarus_vittatus_AmspA65_SRR3467061Naumenko_EviW,Eulimnogammarus_vittatus_AmspA58_SRR3467061Naumenko_EviW,MK887752_Eulimnogammarus_vittatus_voucher_Evi_Bolshie_Koty_K21_SRR3467061Naumenko_EviW
Eulimnogammarus_vittatus_BolR_1_SRR3467061Naumenko_EviW,0,0.0043121284,0.0021288187,0.0000050408,0.0052762896,0.0031679925,0.0021880937,0.0815828826,0.0815828826,0.0815828826,0.0815828826,0.0815828826,0.0815828826,0.0815828826,0.0815828826,0.0815828826,0.0903657668,0.0903657668,0.0903657668,0.0903666618,0.0859949602,0.0859949602,0.0859949602,0.0972546756,0.0881626337,0.0997275062,0.0881650045,0.0859813983,0.0837891159,0.0881794349,0.0881794349,0.0881794349,0.0881794349,0.0881794349,0.0881794349,0.0881794349,0.0881794349,0.0881794349,0.0881794349,0.0903596860,0.0903475443,0.0904694647,0.1809830498,0.1788558687,0.1788585665,0.1853590853,0.1852112488,0.1767737713,0.1788946518,0.1746904451,0.1831546809,0.1831546809,0.1831113875,0.1831113875,0.1831113875,0.1831113875,0.1831113875,0.1873373693,0.1876124456,0.1831445491,0.1767827414,0.1767827414,0.1788841608,0.1809806428,0.1809806428,0.1809808409,0.1788597115,0.1788597115,0.1788597115,0.1788597115,0.1851860930,0.1788576488,0.0837725073,0.0927319258,0.0929177518,0.0905379371,0.0905582415,0.0905582415,0.0905582415,0.0905582415,0.0905582415,0.0927522008,0.0748705585,0.0180044847,0.0464151454,0.0551433955,0.0574157337,0.0551881675,0.0573373774,0.0442811197,0.0354708463,0.0458078856,0.0064668945,0.0130829188,0.0086823414,0.0129135890,0.0174430830,0.0151696355,0.0173505632,0.0064116567,0.0042912751,0.0042952445,0.0042938595,0.0021561974,0.0131014458,0.0042878434,0.0108163269,0.0021324198,0.0042802204,0.0043189017,0.0043117970,0.0042973483,0.0021320336,0.0,0.0,0.0,0.0,0.0,0.0,0.0,0.0,0.0,0.0,0.0,0.0,0.0,0.0,0.0,0.0,0.0,0.0,0.0,0.0,0.0,0.0,0.0,0.0,0.0,0.0,0.0,0.0
Eulimnogammarus_vittatus_BolR_2_SRR3467061Naumenko_EviW,0.0043121284,0,0.0064308653,0.0043091056,0.0095843818,0.0074760847,0.0064961859,0.0858929930,0.0858929930,0.0858929930,0.0858929930,0.0858929930,0.0858929930,0.0858929930,0.0858929930,0.0858929930,0.0946758772,0.0946758772,0.0946758772,0.0946767722,0.0903050706,0.0903050706,0.0903050706,0.1015647860,0.0924727441,0.1040376166,0.0924751149,0.0902915087,0.0880992263,0.0924895453,0.0924895453,0.0924895453,0.0924895453,0.0924895453,0.0924895453,0.0924895453,0.0924895453,0.0924895453,0.0924895453,0.0946697964,0.0946576547,0.0947795751,0.1852931602,0.1831659791,0.1831686769,0.1896691957,0.1895213592,0.1810838817,0.1832047622,0.1790005555,0.1874647913,0.1874647913,0.1874214979,0.1874214979,0.1874214979,0.1874214979,0.1874214979,0.1916474797,0.1919225560,0.1874546595,0.1810928518,0.1810928518,0.1831942712,0.1852907532,0.1852907532,0.1852909513,0.1831698219,0.1831698219,0.1831698219,0.1831698219,0.1894962034,0.1831677592,0.0880826177,0.0970420362,0.0972278622,0.0948480475,0.0948683519,0.0948683519,0.0948683519,0.0948683519,0.0948683519,0.0970623112,0.0791806689,0.0223145951,0.0507252558,0.0594535059,0.0617258441,0.0594982779,0.0616474878,0.0485912301,0.0397809567,0.0501179960,0.0107770049,0.0173930292,0.0129924518,0.0172236994,0.0217531934,0.0194797459,0.0216606736,0.0107217671,0.0086013855,0.0086053549,0.0086039699,0.0064663078,0.0174115562,0.0085979538,0.0151264373,0.0064425302,0.0085903308,0.0086290121,0.0086219074,0.0086074587,0.0064421440,0.0043121284,0.0043121284,0.0043121284,0.0043121284,0.0043121284,0.0043121284,0.0043121284,0.0043121284,0.0043121284,0.0043121284,0.0043121284,0.0043121284,0.0043121284,0.0043121284,0.0043121284,0.0043121284,0.0043121284,0.0043121284,0.0043121284,0.0043121284,0.0043121284,0.0043121284,0.0043121284,0.0043121284,0.0043121284,0.0043121284,0.0043121284,0.0043121284
MK887743_Eulimnogammarus_vittatus_voucher_Evi_Listvyanka_Y03_SRR3467061Naumenko_EviW,0.0021288187,0.0064308653,0,0.0021257959,0.0074010721,0.0052927750,0.0043128762,0.0837096833,0.0837096833,0.0837096833,0.0837096833,0.0837096833,0.0837096833,0.0837096833,0.0837096833,0.0837096833,0.0924925675,0.0924925675,0.0924925675,0.0924934625,0.0881217609,0.0881217609,0.0881217609,0.0993814763,0.0902894344,0.1018543069,0.0902918052,0.0881081990,0.0859159166,0.0903062356,0.0903062356,0.0903062356,0.0903062356,0.0903062356,0.0903062356,0.0903062356,0.0903062356,0.0903062356,0.0903062356,0.0924864867,0.0924743450,0.0925962654,0.1831098505,0.1809826694,0.1809853672,0.1874858860,0.1873380495,0.1789005720,0.1810214525,0.1768172458,0.1852814816,0.1852814816,0.1852381882,0.1852381882,0.1852381882,0.1852381882,0.1852381882,0.1894641700,0.1897392463,0.1852713498,0.1789095421,0.1789095421,0.1810109615,0.1831074435,0.1831074435,0.1831076416,0.1809865122,0.1809865122,0.1809865122,0.1809865122,0.1873128937,0.1809844495,0.0858993080,0.0948587265,0.0950445525,0.0926647378,0.0926850422,0.0926850422,0.0926850422,0.0926850422,0.0926850422,0.0948790015,0.0769973592,0.0201312854,0.0485419461,0.0572701962,0.0595425344,0.0573149682,0.0594641781,0.0464079204,0.0375976470,0.0479346863,0.0085936952,0.0152097195,0.0108091421,0.0150403897,0.0195698837,0.0172964362,0.0194773639,0.0085384574,0.0064180758,0.0064220452,0.0064206602,0.0042829981,0.0152282465,0.0064146441,0.0129431276,0.0042592205,0.0064070211,0.0064457024,0.0064385977,0.0064241490,0.0042588343,0.0021288187,0.0021288187,0.0021288187,0.0021288187,0.0021288187,0.0021288187,0.0021288187,0.0021288187,0.0021288187,0.0021288187,0.0021288187,0.0021288187,0.0021288187,0.0021288187,0.0021288187,0.0021288187,0.0021288187,0.0021288187,0.0021288187,0.0021288187,0.0021288187,0.0021288187,0.0021288187,0.0021288187,0.0021288187,0.0021288187,0.0021288187,0.0021288187
Eulimnogammarus_vittatus_BG_SRR3467061Naumenko_EviW,0.0000050408,0.0043091056,0.0021257959,0,0.0052772942,0.0031689971,0.0021890983,0.0815859054,0.0815859054,0.0815859054,0.0815859054,0.0815859054,0.0815859054,0.0815859054,0.0815859054,0.0815859054,0.0903687896,0.0903687896,0.0903687896,0.0903696846,0.0859979830,0.0859979830,0.0859979830,0.0972576984,0.0881656565,0.0997305290,0.0881680273,0.0859844211,0.0837921387,0.0881824577,0.0881824577,0.0881824577,0.0881824577,0.0881824577,0.0881824577,0.0881824577,0.0881824577,0.0881824577,0.0881824577,0.0903627088,0.0903505671,0.0904724875,0.1809860726,0.1788588915,0.1788615893,0.1853621081,0.1852142716,0.1767767941,0.1788976746,0.1746934679,0.1831577037,0.1831577037,0.1831144103,0.1831144103,0.1831144103,0.1831144103,0.1831144103,0.1873403921,0.1876154684,0.1831475719,0.1767857642,0.1767857642,0.1788871836,0.1809836656,0.1809836656,0.1809838637,0.1788627343,0.1788627343,0.1788627343,0.1788627343,0.1851891158,0.1788606716,0.0837755301,0.0927349486,0.0929207746,0.0905409599,0.0905612643,0.0905612643,0.0905612643,0.0905612643,0.0905612643,0.0927552236,0.0748735813,0.0180075075,0.0464181682,0.0551464183,0.0574187565,0.0551911903,0.0573404002,0.0442841425,0.0354738691,0.0458109084,0.0064699173,0.0130859416,0.0086853642,0.0129166118,0.0174461058,0.0151726583,0.0173535860,0.0064146795,0.0042942979,0.0042982673,0.0042968823,0.0021592202,0.0131044686,0.0042908662,0.0108193497,0.0021354426,0.0042832432,0.0043219245,0.0043148198,0.0043003711,0.0021350564,0.0000050408,0.0000050408,0.0000050408,0.0000050408,0.0000050408,0.0000050408,0.0000050408,0.0000050408,0.0000050408,0.0000050408,0.0000050408,0.0000050408,0.0000050408,0.0000050408,0.0000050408,0.0000050408,0.0000050408,0.0000050408,0.0000050408,0.0000050408,0.0000050408,0.0000050408,0.0000050408,0.0000050408,0.0000050408,0.0000050408,0.0000050408,0.0000050408
Eulimnogammarus_vittatus_GB_5_SRR3467061Naumenko_EviW,0.0052762896,0.0095843818,0.0074010721,0.0052772942,0,0.0021128711,0.0052926395,0.0868571542,0.0868571542,0.0868571542,0.0868571542,0.0868571542,0.0868571542,0.0868571542,0.0868571542,0.0868571542,0.0956400384,0.0956400384,0.0956400384,0.0956409334,0.0912692318,0.0912692318,0.0912692318,0.1025289472,0.0934369053,0.1050017778,0.0934392761,0.0912556699,0.0890633875,0.0934537065,0.0934537065,0.0934537065,0.0934537065,0.0934537065,0.0934537065,0.0934537065,0.0934537065,0.0934537065,0.0934537065,0.0956339576,0.0956218159,0.0957437363,0.1862573214,0.1841301403,0.1841328381,0.1906333569,0.1904855204,0.1820480429,0.1841689234,0.1799647167,0.1884289525,0.1884289525,0.1883856591,0.1883856591,0.1883856591,0.1883856591,0.1883856591,0.1926116409,0.1928867172,0.1884188207,0.1820570130,0.1820570130,0.1841584324,0.1862549144,0.1862549144,0.1862551125,0.1841339831,0.1841339831,0.1841339831,0.1841339831,0.1904603646,0.1841319204,0.0890467789,0.0980061974,0.0981920234,0.0958122087,0.0958325131,0.0958325131,0.0958325131,0.0958325131,0.0958325131,0.0980264724,0.0801448301,0.0232787563,0.0516894170,0.0604176671,0.0626900053,0.0604624391,0.0626116490,0.0495553913,0.0407451179,0.0510821572,0.0117411661,0.0183571904,0.0139566130,0.0181878606,0.0227173546,0.0204439071,0.0226248348,0.0116859283,0.0095655467,0.0095695161,0.0095681311,0.0074304690,0.0183757174,0.0095621150,0.0160905985,0.0074066914,0.0095544920,0.0095931733,0.0095860686,0.0095716199,0.0074063052,0.0052762896,0.0052762896,0.0052762896,0.0052762896,0.0052762896,0.0052762896,0.0052762896,0.0052762896,0.0052762896,0.0052762896,0.0052762896,0.0052762896,0.0052762896,0.0052762896,0.0052762896,0.0052762896,0.0052762896,0.0052762896,0.0052762896,0.0052762896,0.0052762896,0.0052762896,0.0052762896,0.0052762896,0.0052762896,0.0052762896,0.0052762896,0.0052762896
MK887745_Eulimnogammarus_vittatus_voucher_Evi_Listvyanka_Y05_SRR3467061Naumenko_EviW,0.0031679925,0.0074760847,0.0052927750,0.0031689971,0.0021128711,0,0.0031843424,0.0847488571,0.0847488571,0.0847488571,0.0847488571,0.0847488571,0.0847488571,0.0847488571,0.0847488571,0.0847488571,0.0935317413,0.0935317413,0.0935317413,0.0935326363,0.0891609347,0.0891609347,0.0891609347,0.1004206501,0.0913286082,0.1028934807,0.0913309790,0.0891473728,0.0869550904,0.0913454094,0.0913454094,0.0913454094,0.0913454094,0.0913454094,0.0913454094,0.0913454094,0.0913454094,0.0913454094,0.0913454094,0.0935256605,0.0935135188,0.0936354392,0.1841490243,0.1820218432,0.1820245410,0.1885250598,0.1883772233,0.1799397458,0.1820606263,0.1778564196,0.1863206554,0.1863206554,0.1862773620,0.1862773620,0.1862773620,0.1862773620,0.1862773620,0.1905033438,0.1907784201,0.1863105236,0.1799487159,0.1799487159,0.1820501353,0.1841466173,0.1841466173,0.1841468154,0.1820256860,0.1820256860,0.1820256860,0.1820256860,0.1883520675,0.1820236233,0.0869384818,0.0958979003,0.0960837263,0.0937039116,0.0937242160,0.0937242160,0.0937242160,0.0937242160,0.0937242160,0.0959181753,0.0780365330,0.0211704592,0.0495811199,0.0583093700,0.0605817082,0.0583541420,0.0605033519,0.0474470942,0.0386368208,0.0489738601,0.0096328690,0.0162488933,0.0118483159,0.0160795635,0.0206090575,0.0183356100,0.0205165377,0.0095776312,0.0074572496,0.0074612190,0.0074598340,0.0053221719,0.0162674203,0.0074538179,0.0139823014,0.0052983943,0.0074461949,0.0074848762,0.0074777715,0.0074633228,0.0052980081,0.0031679925,0.0031679925,0.0031679925,0.0031679925,0.0031679925,0.0031679925,0.0031679925,0.0031679925,0.0031679925,0.0031679925,0.0031679925,0.0031679925,0.0031679925,0.0031679925,0.0031679925,0.0031679925,0.0031679925,0.0031679925,0.0031679925,0.0031679925,0.0031679925,0.0031679925,0.0031679925,0.0031679925,0.0031679925,0.0031679925,0.0031679925,0.0031679925
MK887744_Eulimnogammarus_vittatus_voucher_Evi_Listvyanka_Y04_SRR3467061Naumenko_EviW,0.0021880937,0.0064961859,0.0043128762,0.0021890983,0.0052926395,0.0031843424,0,0.0837689583,0.0837689583,0.0837689583,0.0837689583,0.0837689583,0.0837689583,0.0837689583,0.0837689583,0.0837689583,0.0925518425,0.0925518425,0.0925518425,0.0925527375,0.0881810359,0.0881810359,0.0881810359,0.0994407513,0.0903487094,0.1019135819,0.0903510802,0.0881674740,0.0859751916,0.0903655106,0.0903655106,0.0903655106,0.0903655106,0.0903655106,0.0903655106,0.0903655106,0.0903655106,0.0903655106,0.0903655106,0.0925457617,0.0925336200,0.0926555404,0.1831691255,0.1810419444,0.1810446422,0.1875451610,0.1873973245,0.1789598470,0.1810807275,0.1768765208,0.1853407566,0.1853407566,0.1852974632,0.1852974632,0.1852974632,0.1852974632,0.1852974632,0.1895234450,0.1897985213,0.1853306248,0.1789688171,0.1789688171,0.1810702365,0.1831667185,0.1831667185,0.1831669166,0.1810457872,0.1810457872,0.1810457872,0.1810457872,0.1873721687,0.1810437245,0.0859585830,0.0949180015,0.0951038275,0.0927240128,0.0927443172,0.0927443172,0.0927443172,0.0927443172,0.0927443172,0.0949382765,0.0770566342,0.0201905604,0.0486012211,0.0573294712,0.0596018094,0.0573742432,0.0595234531,0.0464671954,0.0376569220,0.0479939613,0.0086529702,0.0152689945,0.0108684171,0.0150996647,0.0196291587,0.0173557112,0.0195366389,0.0085977324,0.0064773508,0.0064813202,0.0064799352,0.0043422731,0.0152875215,0.0064739191,0.0130024026,0.0043184955,0.0064662961,0.0065049774,0.0064978727,0.0064834240,0.0043181093,0.0021880937,0.0021880937,0.0021880937,0.0021880937,0.0021880937,0.0021880937,0.0021880937,0.0021880937,0.0021880937,0.0021880937,0.0021880937,0.0021880937,0.0021880937,0.0021880937,0.0021880937,0.0021880937,0.0021880937,0.0021880937,0.0021880937,0.0021880937,0.0021880937,0.0021880937,0.0021880937,0.0021880937,0.0021880937,0.0021880937,0.0021880937,0.0021880937
Eulimnogammarus_vittatus_Ya1_EviUr1_EviN,0.0815828826,0.0858929930,0.0837096833,0.0815859054,0.0868571542,0.0847488571,0.0837689583,0,0.0,0.0,0.0,0.0,0.0,0.0,0.0,0.000002018,0.0087891458,0.0087891458,0.0087891458,0.0087900408,0.0044183392,0.0044183392,0.0044183392,0.0156780546,0.0065860127,0.0181508852,0.0065883835,0.0044047773,0.0022124949,0.0066028139,0.0066028139,0.0066028139,0.0066028139,0.0066028139,0.0066028139,0.0066028139,0.0066028139,0.0066028139,0.0066028139,0.0087830650,0.0087709233,0.0088928437,0.0994064288,0.0972792477,0.0972819455,0.1037824643,0.1036346278,0.0951971503,0.0973180308,0.0931138241,0.1015780599,0.1015780599,0.1015347665,0.1015347665,0.1015347665,0.1015347665,0.1015347665,0.1057607483,0.1060358246,0.1015679281,0.0952061204,0.0952061204,0.0973075398,0.0994040218,0.0994040218,0.0994042199,0.0972830905,0.0972830905,0.0972830905,0.0972830905,0.1036094720,0.0972810278,0.0021958863,0.0111595154,0.0113453414,0.0089655267,0.0089899023,0.0089899023,0.0089899023,0.0089899023,0.0089899023,0.0111838616,0.0067180101,0.0635830335,0.1194071150,0.1281353651,0.1304077033,0.1281801371,0.1303293470,0.1172730893,0.1084628159,0.1187998552,0.0794588641,0.0860748884,0.0859462408,0.0901815836,0.0947110776,0.0924376301,0.0946185578,0.0836796513,0.0815592697,0.0815632391,0.0815618541,0.0794287032,0.0903780574,0.0815644550,0.0880976897,0.0837069316,0.0858590668,0.0858977481,0.0858906434,0.0858761947,0.0837108800,0.0815828826,0.0815828826,0.0815828826,0.0815828826,0.0815828826,0.0815828826,0.0815828826,0.0815828826,0.0815828826,0.0815828826,0.0815828826,0.0815828826,0.0815828826,0.0815828826,0.0815828826,0.0815828826,0.0815828826,0.0815828826,0.0815828826,0.0815828826,0.0815828826,0.0815828826,0.0815828826,0.0815828826,0.0815828826,0.0815828826,0.0815828826,0.0815828826
Eulimnogammarus_vittatus_Ya5_EviUr1_EviN,0.0815828826,0.0858929930,0.0837096833,0.0815859054,0.0868571542,0.0847488571,0.0837689583,0.0,0,0.0,0.0,0.0,0.0,0.0,0.0,0.000002018,0.0087891458,0.0087891458,0.0087891458,0.0087900408,0.0044183392,0.0044183392,0.0044183392,0.0156780546,0.0065860127,0.0181508852,0.0065883835,0.0044047773,0.0022124949,0.0066028139,0.0066028139,0.0066028139,0.0066028139,0.0066028139,0.0066028139,0.0066028139,0.0066028139,0.0066028139,0.0066028139,0.0087830650,0.0087709233,0.0088928437,0.0994064288,0.0972792477,0.0972819455,0.1037824643,0.1036346278,0.0951971503,0.0973180308,0.0931138241,0.1015780599,0.1015780599,0.1015347665,0.1015347665,0.1015347665,0.1015347665,0.1015347665,0.1057607483,0.1060358246,0.1015679281,0.0952061204,0.0952061204,0.0973075398,0.0994040218,0.0994040218,0.0994042199,0.0972830905,0.0972830905,0.0972830905,0.0972830905,0.1036094720,0.0972810278,0.0021958863,0.0111595154,0.0113453414,0.0089655267,0.0089899023,0.0089899023,0.0089899023,0.0089899023,0.0089899023,0.0111838616,0.0067180101,0.0635830335,0.1194071150,0.1281353651,0.1304077033,0.1281801371,0.1303293470,0.1172730893,0.1084628159,0.1187998552,0.0794588641,0.0860748884,0.0859462408,0.0901815836,0.0947110776,0.0924376301,0.0946185578,0.0836796513,0.0815592697,0.0815632391,0.0815618541,0.0794287032,0.0903780574,0.0815644550,0.0880976897,0.0837069316,0.0858590668,0.0858977481,0.0858906434,0.0858761947,0.0837108800,0.0815828826,0.0815828826,0.0815828826,0.0815828826,0.0815828826,0.0815828826,0.0815828826,0.0815828826,0.0815828826,0.0815828826,0.0815828826,0.0815828826,0.0815828826,0.0815828826,0.0815828826,0.0815828826,0.0815828826,0.0815828826,0.0815828826,0.0815828826,0.0815828826,0.0815828826,0.0815828826,0.0815828826,0.0815828826,0.0815828826,0.0815828826,0.0815828826
Eulimnogammarus_vittatus_EviA103_EviUr1_EviN,0.0815828826,0.0858929930,0.0837096833,0.0815859054,0.0868571542,0.0847488571,0.0837689583,0.0,0.0,0,0.0,0.0,0.0,0.0,0.0,0.000002018,0.0087891458,0.0087891458,0.0087891458,0.0087900408,0.0044183392,0.0044183392,0.0044183392,0.0156780546,0.0065860127,0.0181508852,0.0065883835,0.0044047773,0.0022124949,0.0066028139,0.0066028139,0.0066028139,0.0066028139,0.0066028139,0.0066028139,0.0066028139,0.0066028139,0.0066028139,0.0066028139,0.0087830650,0.0087709233,0.0088928437,0.0994064288,0.0972792477,0.0972819455,0.1037824643,0.1036346278,0.0951971503,0.0973180308,0.0931138241,0.1015780599,0.1015780599,0.1015347665,0.1015347665,0.1015347665,0.1015347665,0.1015347665,0.1057607483,0.1060358246,0.1015679281,0.0952061204,0.0952061204,0.0973075398,0.0994040218,0.0994040218,0.0994042199,0.0972830905,0.0972830905,0.0972830905,0.0972830905,0.1036094720,0.0972810278,0.0021958863,0.0111595154,0.0113453414,0.0089655267,0.0089899023,0.0089899023,0.0089899023,0.0089899023,0.0089899023,0.0111838616,0.0067180101,0.0635830335,0.1194071150,0.1281353651,0.1304077033,0.1281801371,0.1303293470,0.1172730893,0.1084628159,0.1187998552,0.0794588641,0.0860748884,0.0859462408,0.0901815836,0.0947110776,0.0924376301,0.0946185578,0.0836796513,0.0815592697,0.0815632391,0.0815618541,0.0794287032,0.0903780574,0.0815644550,0.0880976897,0.0837069316,0.0858590668,0.0858977481,0.0858906434,0.0858761947,0.0837108800,0.0815828826,0.0815828826,0.0815828826,0.0815828826,0.0815828826,0.0815828826,0.0815828826,0.0815828826,0.0815828826,0.0815828826,0.0815828826,0.0815828826,0.0815828826,0.0815828826,0.0815828826,0.0815828826,0.0815828826,0.0815828826,0.0815828826,0.0815828826,0.0815828826,0.0815828826,0.0815828826,0.0815828826,0.0815828826,0.0815828826,0.0815828826,0.0815828826
Eulimnogammarus_vittatus_EviA102_EviUr1_EviN,0.0815828826,0.0858929930,0.0837096833,0.0815859054,0.0868571542,0.0847488571,0.0837689583,0.0,0.0,0.0,0,0.0,0.0,0.0,0.0,0.000002018,0.0087891458,0.0087891458,0.0087891458,0.0087900408,0.0044183392,0.0044183392,0.0044183392,0.0156780546,0.0065860127,0.0181508852,0.0065883835,0.0044047773,0.0022124949,0.0066028139,0.0066028139,0.0066028139,0.0066028139,0.0066028139,0.0066028139,0.0066028139,0.0066028139,0.0066028139,0.0066028139,0.0087830650,0.0087709233,0.0088928437,0.0994064288,0.0972792477,0.0972819455,0.1037824643,0.1036346278,0.0951971503,0.0973180308,0.0931138241,0.1015780599,0.1015780599,0.1015347665,0.1015347665,0.1015347665,0.1015347665,0.1015347665,0.1057607483,0.1060358246,0.1015679281,0.0952061204,0.0952061204,0.0973075398,0.0994040218,0.0994040218,0.0994042199,0.0972830905,0.0972830905,0.0972830905,0.0972830905,0.1036094720,0.0972810278,0.0021958863,0.0111595154,0.0113453414,0.0089655267,0.0089899023,0.0089899023,0.0089899023,0.0089899023,0.0089899023,0.0111838616,0.0067180101,0.0635830335,0.1194071150,0.1281353651,0.1304077033,0.1281801371,0.1303293470,0.1172730893,0.1084628159,0.1187998552,0.0794588641,0.0860748884,0.0859462408,0.0901815836,0.0947110776,0.0924376301,0.0946185578,0.0836796513,0.0815592697,0.0815632391,0.0815618541,0.0794287032,0.0903780574,0.0815644550,0.0880976897,0.0837069316,0.0858590668,0.0858977481,0.0858906434,0.0858761947,0.0837108800,0.0815828826,0.0815828826,0.0815828826,0.0815828826,0.0815828826,0.0815828826,0.0815828826,0.0815828826,0.0815828826,0.0815828826,0.0815828826,0.0815828826,0.0815828826,0.0815828826,0.0815828826,0.0815828826,0.0815828826,0.0815828826,0.0815828826,0.0815828826,0.0815828826,0.0815828826,0.0815828826,0.0815828826,0.0815828826,0.0815828826,0.0815828826,0.0815828826
Eulimnogammarus_vittatus_Ya3_EviUr1_EviN,0.0815828826,0.0858929930,0.0837096833,0.0815859054,0.0868571542,0.0847488571,0.0837689583,0.0,0.0,0.0,0.0,0,0.0,0.0,0.0,0.000002018,0.0087891458,0.0087891458,0.0087891458,0.0087900408,0.0044183392,0.0044183392,0.0044183392,0.0156780546,0.0065860127,0.0181508852,0.0065883835,0.0044047773,0.0022124949,0.0066028139,0.0066028139,0.0066028139,0.0066028139,0.0066028139,0.0066028139,0.0066028139,0.0066028139,0.0066028139,0.0066028139,0.0087830650,0.0087709233,0.0088928437,0.0994064288,0.0972792477,0.0972819455,0.1037824643,0.1036346278,0.0951971503,0.0973180308,0.0931138241,0.1015780599,0.1015780599,0.1015347665,0.1015347665,0.1015347665,0.1015347665,0.1015347665,0.1057607483,0.1060358246,0.1015679281,0.0952061204,0.0952061204,0.0973075398,0.0994040218,0.0994040218,0.0994042199,0.0972830905,0.0972830905,0.0972830905,0.0972830905,0.1036094720,0.0972810278,0.0021958863,0.0111595154,0.0113453414,0.0089655267,0.0089899023,0.0089899023,0.0089899023,0.0089899023,0.0089899023,0.0111838616,0.0067180101,0.0635830335,0.1194071150,0.1281353651,0.1304077033,0.1281801371,0.1303293470,0.1172730893,0.1084628159,0.1187998552,0.0794588641,0.0860748884,0.0859462408,0.0901815836,0.0947110776,0.0924376301,0.0946185578,0.0836796513,0.0815592697,0.0815632391,0.0815618541,0.0794287032,0.0903780574,0.0815644550,0.0880976897,0.0837069316,0.0858590668,0.0858977481,0.0858906434,0.0858761947,0.0837108800,0.0815828826,0.0815828826,0.0815828826,0.0815828826,0.0815828826,0.0815828826,0.0815828826,0.0815828826,0.0815828826,0.0815828826,0.0815828826,0.0815828826,0.0815828826,0.0815828826,0.0815828826,0.0815828826,0.0815828826,0.0815828826,0.0815828826,0.0815828826,0.0815828826,0.0815828826,0.0815828826,0.0815828826,0.0815828826,0.0815828826,0.0815828826,0.0815828826
Eulimnogammarus_vittatus_AmspA41_EviUr1_EviN,0.0815828826,0.0858929930,0.0837096833,0.0815859054,0.0868571542,0.0847488571,0.0837689583,0.0,0.0,0.0,0.0,0.0,0,0.0,0.0,0.000002018,0.0087891458,0.0087891458,0.0087891458,0.0087900408,0.0044183392,0.0044183392,0.0044183392,0.0156780546,0.0065860127,0.0181508852,0.0065883835,0.0044047773,0.0022124949,0.0066028139,0.0066028139,0.0066028139,0.0066028139,0.0066028139,0.0066028139,0.0066028139,0.0066028139,0.0066028139,0.0066028139,0.0087830650,0.0087709233,0.0088928437,0.0994064288,0.0972792477,0.0972819455,0.1037824643,0.1036346278,0.0951971503,0.0973180308,0.0931138241,0.1015780599,0.1015780599,0.1015347665,0.1015347665,0.1015347665,0.1015347665,0.1015347665,0.1057607483,0.1060358246,0.1015679281,0.0952061204,0.0952061204,0.0973075398,0.0994040218,0.0994040218,0.0994042199,0.0972830905,0.0972830905,0.0972830905,0.0972830905,0.1036094720,0.0972810278,0.0021958863,0.0111595154,0.0113453414,0.0089655267,0.0089899023,0.0089899023,0.0089899023,0.0089899023,0.0089899023,0.0111838616,0.0067180101,0.0635830335,0.1194071150,0.1281353651,0.1304077033,0.1281801371,0.1303293470,0.1172730893,0.1084628159,0.1187998552,0.0794588641,0.0860748884,0.0859462408,0.0901815836,0.0947110776,0.0924376301,0.0946185578,0.0836796513,0.0815592697,0.0815632391,0.0815618541,0.0794287032,0.0903780574,0.0815644550,0.0880976897,0.0837069316,0.0858590668,0.0858977481,0.0858906434,0.0858761947,0.0837108800,0.0815828826,0.0815828826,0.0815828826,0.0815828826,0.0815828826,0.0815828826,0.0815828826,0.0815828826,0.0815828826,0.0815828826,0.0815828826,0.0815828826,0.0815828826,0.0815828826,0.0815828826,0.0815828826,0.0815828826,0.0815828826,0.0815828826,0.0815828826,0.0815828826,0.0815828826,0.0815828826,0.0815828826,0.0815828826,0.0815828826,0.0815828826,0.0815828826
Eulimnogammarus_vittatus_EviA109_EviUr1_EviN,0.0815828826,0.0858929930,0.0837096833,0.0815859054,0.0868571542,0.0847488571,0.0837689583,0.0,0.0,0.0,0.0,0.0,0.0,0,0.0,0.000002018,0.0087891458,0.0087891458,0.0087891458,0.0087900408,0.0044183392,0.0044183392,0.0044183392,0.0156780546,0.0065860127,0.0181508852,0.0065883835,0.0044047773,0.0022124949,0.0066028139,0.0066028139,0.0066028139,0.0066028139,0.0066028139,0.0066028139,0.0066028139,0.0066028139,0.0066028139,0.0066028139,0.0087830650,0.0087709233,0.0088928437,0.0994064288,0.0972792477,0.0972819455,0.1037824643,0.1036346278,0.0951971503,0.0973180308,0.0931138241,0.1015780599,0.1015780599,0.1015347665,0.1015347665,0.1015347665,0.1015347665,0.1015347665,0.1057607483,0.1060358246,0.1015679281,0.0952061204,0.0952061204,0.0973075398,0.0994040218,0.0994040218,0.0994042199,0.0972830905,0.0972830905,0.0972830905,0.0972830905,0.1036094720,0.0972810278,0.0021958863,0.0111595154,0.0113453414,0.0089655267,0.0089899023,0.0089899023,0.0089899023,0.0089899023,0.0089899023,0.0111838616,0.0067180101,0.0635830335,0.1194071150,0.1281353651,0.1304077033,0.1281801371,0.1303293470,0.1172730893,0.1084628159,0.1187998552,0.0794588641,0.0860748884,0.0859462408,0.0901815836,0.0947110776,0.0924376301,0.0946185578,0.0836796513,0.0815592697,0.0815632391,0.0815618541,0.0794287032,0.0903780574,0.0815644550,0.0880976897,0.0837069316,0.0858590668,0.0858977481,0.0858906434,0.0858761947,0.0837108800,0.0815828826,0.0815828826,0.0815828826,0.0815828826,0.0815828826,0.0815828826,0.0815828826,0.0815828826,0.0815828826,0.0815828826,0.0815828826,0.0815828826,0.0815828826,0.0815828826,0.0815828826,0.0815828826,0.0815828826,0.0815828826,0.0815828826,0.0815828826,0.0815828826,0.0815828826,0.0815828826,0.0815828826,0.0815828826,0.0815828826,0.0815828826,0.0815828826
Eulimnogammarus_vittatus_EviA104_EviUr1_EviN,0.0815828826,0.0858929930,0.0837096833,0.0815859054,0.0868571542,0.0847488571,0.0837689583,0.0,0.0,0.0,0.0,0.0,0.0,0.0,0,0.000002018,0.0087891458,0.0087891458,0.0087891458,0.0087900408,0.0044183392,0.0044183392,0.0044183392,0.0156780546,0.0065860127,0.0181508852,0.0065883835,0.0044047773,0.0022124949,0.0066028139,0.0066028139,0.0066028139,0.0066028139,0.0066028139,0.0066028139,0.0066028139,0.0066028139,0.0066028139,0.0066028139,0.0087830650,0.0087709233,0.0088928437,0.0994064288,0.0972792477,0.0972819455,0.1037824643,0.1036346278,0.0951971503,0.0973180308,0.0931138241,0.1015780599,0.1015780599,0.1015347665,0.1015347665,0.1015347665,0.1015347665,0.1015347665,0.1057607483,0.1060358246,0.1015679281,0.0952061204,0.0952061204,0.0973075398,0.0994040218,0.0994040218,0.0994042199,0.0972830905,0.0972830905,0.0972830905,0.0972830905,0.1036094720,0.0972810278,0.0021958863,0.0111595154,0.0113453414,0.0089655267,0.0089899023,0.0089899023,0.0089899023,0.0089899023,0.0089899023,0.0111838616,0.0067180101,0.0635830335,0.1194071150,0.1281353651,0.1304077033,0.1281801371,0.1303293470,0.1172730893,0.1084628159,0.1187998552,0.0794588641,0.0860748884,0.0859462408,0.0901815836,0.0947110776,0.0924376301,0.0946185578,0.0836796513,0.0815592697,0.0815632391,0.0815618541,0.0794287032,0.0903780574,0.0815644550,0.0880976897,0.0837069316,0.0858590668,0.0858977481,0.0858906434,0.0858761947,0.0837108800,0.0815828826,0.0815828826,0.0815828826,0.0815828826,0.0815828826,0.0815828826,0.0815828826,0.0815828826,0.0815828826,0.0815828826,0.0815828826,0.0815828826,0.0815828826,0.0815828826,0.0815828826,0.0815828826,0.0815828826,0.0815828826,0.0815828826,0.0815828826,0.0815828826,0.0815828826,0.0815828826,0.0815828826,0.0815828826,0.0815828826,0.0815828826,0.0815828826
Eulimnogammarus_vittatus_Ya2_EviUr1_EviN,0.0815828826,0.0858929930,0.0837096833,0.0815859054,0.0868571542,0.0847488571,0.0837689583,0.000002018,0.000002018,0.000002018,0.000002018,0.000002018,0.000002018,0.000002018,0.000002018,0,0.0087891458,0.0087891458,0.0087891458,0.0087900408,0.0044183392,0.0044183392,0.0044183392,0.0156780546,0.0065860127,0.0181508852,0.0065883835,0.0044047773,0.0022124949,0.0066028139,0.0066028139,0.0066028139,0.0066028139,0.0066028139,0.0066028139,0.0066028139,0.0066028139,0.0066028139,0.0066028139,0.0087830650,0.0087709233,0.0088928437,0.0994064288,0.0972792477,0.0972819455,0.1037824643,0.1036346278,0.0951971503,0.0973180308,0.0931138241,0.1015780599,0.1015780599,0.1015347665,0.1015347665,0.1015347665,0.1015347665,0.1015347665,0.1057607483,0.1060358246,0.1015679281,0.0952061204,0.0952061204,0.0973075398,0.0994040218,0.0994040218,0.0994042199,0.0972830905,0.0972830905,0.0972830905,0.0972830905,0.1036094720,0.0972810278,0.0021958863,0.0111595154,0.0113453414,0.0089655267,0.0089899023,0.0089899023,0.0089899023,0.0089899023,0.0089899023,0.0111838616,0.0067180101,0.0635830335,0.1194071150,0.1281353651,0.1304077033,0.1281801371,0.1303293470,0.1172730893,0.1084628159,0.1187998552,0.0794588641,0.0860748884,0.0859462408,0.0901815836,0.0947110776,0.0924376301,0.0946185578,0.0836796513,0.0815592697,0.0815632391,0.0815618541,0.0794287032,0.0903780574,0.0815644550,0.0880976897,0.0837069316,0.0858590668,0.0858977481,0.0858906434,0.0858761947,0.0837108800,0.0815828826,0.0815828826,0.0815828826,0.0815828826,0.0815828826,0.0815828826,0.0815828826,0.0815828826,0.0815828826,0.0815828826,0.0815828826,0.0815828826,0.0815828826,0.0815828826,0.0815828826,0.0815828826,0.0815828826,0.0815828826,0.0815828826,0.0815828826,0.0815828826,0.0815828826,0.0815828826,0.0815828826,0.0815828826,0.0815828826,0.0815828826,0.0815828826
Eulimnogammarus_vittatus_Ya4_EviUr1_EviN,0.0903657668,0.0946758772,0.0924925675,0.0903687896,0.0956400384,0.0935317413,0.0925518425,0.0087891458,0.0087891458,0.0087891458,0.0087891458,0.0087891458,0.0087891458,0.0087891458,0.0087891458,0.0087891458,0,0.0,0.0,0.0000050982,0.0043863314,0.0043863314,0.0043863314,0.0156460468,0.0065540049,0.0181188774,0.0065563757,0.0087607569,0.0109858925,0.0153814451,0.0153814451,0.0153814451,0.0153814451,0.0153814451,0.0153814451,0.0153814451,0.0153814451,0.0153814451,0.0153814451,0.0175616962,0.0175495545,0.0176714749,0.1081850600,0.1060578789,0.1060605767,0.1125610955,0.1124132590,0.1039757815,0.1060966620,0.1018924553,0.1103566911,0.1103566911,0.1103133977,0.1103133977,0.1103133977,0.1103133977,0.1103133977,0.1145393795,0.1148144558,0.1103465593,0.1039847516,0.1039847516,0.1060861710,0.1081826530,0.1081826530,0.1081828511,0.1060617217,0.1060617217,0.1060617217,0.1060617217,0.1123881032,0.1060596590,0.0109745175,0.0199423996,0.0201282256,0.0177484109,0.0177727865,0.0177727865,0.0177727865,0.0177727865,0.0177727865,0.0199667458,0.0155008943,0.0723659177,0.1281899992,0.1369182493,0.1391905875,0.1369630213,0.1391122312,0.1260559735,0.1172457001,0.1275827394,0.0882417483,0.0948577726,0.0947291250,0.0989644678,0.1034939618,0.1012205143,0.1034014420,0.0924625355,0.0903421539,0.0903461233,0.0903447383,0.0882115874,0.0991609416,0.0903473392,0.0968805739,0.0924898158,0.0946419510,0.0946806323,0.0946735276,0.0946590789,0.0924937642,0.0903657668,0.0903657668,0.0903657668,0.0903657668,0.0903657668,0.0903657668,0.0903657668,0.0903657668,0.0903657668,0.0903657668,0.0903657668,0.0903657668,0.0903657668,0.0903657668,0.0903657668,0.0903657668,0.0903657668,0.0903657668,0.0903657668,0.0903657668,0.0903657668,0.0903657668,0.0903657668,0.0903657668,0.0903657668,0.0903657668,0.0903657668,0.0903657668
