,Eulimnogammarus_vittatus_BolR_1_SRR3467061Naumenko_EviW,Eulimnogammarus_vittatus_BolR_2_SRR3467061Naumenko_EviW,Eulimnogammarus_vittatus_BG_SRR3467061Naumenko_EviW,Eulimnogammarus_vittatus_Konn_12_SRR3467061Naumenko_EviW,Eulimnogammarus_vittatus_GB_4_SRR3467061Naumenko_EviW,Eulimnogammarus_vittatus_EviL80_SRR3467061Naumenko_EviW,Eulimnogammarus_vittatus_GB_5_SRR3467061Naumenko_EviW,MK887745_Eulimnogammarus_vittatus_voucher_Evi_Listvyanka_Y05_SRR3467061Naumenko_EviW,MK887744_Eulimnogammarus_vittatus_voucher_Evi_Listvyanka_Y04_SRR3467061Naumenko_EviW,Eulimnogammarus_vittatus_Ya1_EviUr1_EviE,Eulimnogammarus_vittatus_AmspA41_EviUr1_EviE,Eulimnogammarus_vittatus_EviA109_EviUr1_EviE,Eulimnogammarus_vittatus_EviA103_EviUr1_EviE,Eulimnogammarus_vittatus_EviA104_EviUr1_EviE,Eulimnogammarus_vittatus_EviA102_EviUr1_EviE,Eulimnogammarus_vittatus_Ya5_EviUr1_EviE,Eulimnogammarus_vittatus_Ya3_EviUr1_EviE,Eulimnogammarus_vittatus_Ya2_EviUr1_EviE,Eulimnogammarus_vittatus_EviA99_EviUr1_EviE,Eulimnogammarus_vittatus_Kur_41_EviUr1_EviE,Eulimnogammarus_vittatus_EviA105_EviUr1_EviE,Eulimnogammarus_vittatus_155_2_EviUr1_EviE,Eulimnogammarus_vittatus_EviA101_EviUr1_EviE,Eulimnogammarus_vittatus_UB_4_EviUr1_EviE,Eulimnogammarus_vittatus_155_1_EviUr1_EviE,Eulimnogammarus_vittatus_158_2_EviUr1_EviE,Eulimnogammarus_vittatus_Ankh_2_EviUr1_EviE,Eulimnogammarus_vittatus_Uz1_2_EviUr1_EviE,Eulimnogammarus_vittatus_EviA107_EviUr1_EviE,Eulimnogammarus_vittatus_Ya4_EviUr1_EviE,Eulimnogammarus_vittatus_Ya9_EviUr1_EviE,Eulimnogammarus_vittatus_EviA106_EviUr1_EviE,Eulimnogammarus_vittatus_Ya6_EviUr1_EviE,Eulimnogammarus_vittatus_G_5_EviUr1_EviE,Eulimnogammarus_vittatus_G_3_EviUr1_EviE,Eulimnogammarus_vittatus_G_4_EviUr1_EviE,Eulimnogammarus_vittatus_G_2_EviUr1_EviE,Eulimnogammarus_vittatus_UB_5_EviUr1_EviE,Eulimnogammarus_vittatus_UB_2_EviUr1_EviE,Eulimnogammarus_vittatus_UB_1_EviUr1_EviE,Eulimnogammarus_vittatus_UB_3_EviUr1_EviE,Eulimnogammarus_vittatus_G_1_EviUr1_EviE,Eulimnogammarus_vittatus_Ya7_EviUr1_EviE,Eulimnogammarus_vittatus_Uy_8_EviUr1_EviE,Eulimnogammarus_vittatus_AmspA55_EviUr1_EviE,Eulimnogammarus_vittatus_EviA100_EviUr1_EviE,Eulimnogammarus_vittatus_Kur_0_EviUr1_EviE,Eulimnogammarus_vittatus_Kur_39_EviUr1_EviE,Eulimnogammarus_vittatus_EviA98_EviUr1_EviE,Eulimnogammarus_vittatus_Uy7_7_EviUr1_EviE,Eulimnogammarus_vittatus_EviA108_EviUr1_EviE,Eulimnogammarus_vittatus_AmspA45_EviUr1_EviE,Eulimnogammarus_vittatus_Kur_40_EviUr1_EviE,Eulimnogammarus_vittatus_Kur_42_EviUr1_EviE,Eulimnogammarus_vittatus_Uy7_9_EviUr1_EviE,Eulimnogammarus_vittatus_EviA45_EviUr1_EviE,Eulimnogammarus_vittatus_158_1_EviUr1_EviE,Eulimnogammarus_vittatus_EviPB83_NC025564111537_EviS,Eulimnogammarus_vittatus_kbjd100_3_NC025564111537_EviS,Eulimnogammarus_vittatus_EviPB87_NC025564111537_EviS,Eulimnogammarus_vittatus_kbjd100_1_NC025564111537_EviS,Eulimnogammarus_vittatus_kbjd100_2_NC025564111537_EviS,Eulimnogammarus_vittatus_Evi_Baikalsk_B38_NC025564111537_EviS,MK887740_Eulimnogammarus_vittatus_voucher_Evi_Baikalsk_B38_NC025564111537_EviS,Eulimnogammarus_vittatus_SR_5_NC025564111537_EviS,Eulimnogammarus_vittatus_Vy_3_NC025564111537_EviS,Eulimnogammarus_vittatus_Vy_5_NC025564111537_EviS,MK887738_Eulimnogammarus_vittatus_voucher_Evi_Baikalsk_B36_NC025564111537_EviS,Eulimnogammarus_vittatus_Vy_2_NC025564111537_EviS,Eulimnogammarus_vittatus_Vy_7_NC025564111537_EviS,Eulimnogammarus_vittatus_Evi_Baikalsk_B37_NC025564111537_EviS,MK887739_Eulimnogammarus_vittatus_voucher_Evi_Baikalsk_B37_NC025564111537_EviS,MK887737_Eulimnogammarus_vittatus_voucher_Evi_Baikalsk_B33_NC025564111537_EviS,Eulimnogammarus_vittatus_SR_7_NC025564111537_EviS,MK887734_Eulimnogammarus_vittatus_voucher_Evi_Baikalsk_B26_NC025564111537_EviS,Eulimnogammarus_vittatus_SR_1_NC025564111537_EviS,Eulimnogammarus_vittatus_SR_2_NC025564111537_EviS,Eulimnogammarus_vittatus_Vy_9_NC025564111537_EviS,Eulimnogammarus_vittatus_Vy_1_NC025564111537_EviS,Eulimnogammarus_vittatus_SR_3_NC025564111537_EviS,MK887735_Eulimnogammarus_vittatus_voucher_Evi_Baikalsk_B27_NC025564111537_EviS,Eulimnogammarus_vittatus_Vy_8_NC025564111537_EviS,MK887736_Eulimnogammarus_vittatus_voucher_Evi_Baikalsk_B28_NC025564111537_EviS,Eulimnogammarus_vittatus_Vy_4_NC025564111537_EviS,Eulimnogammarus_vittatus_Vy_6_NC025564111537_EviS,Eulimnogammarus_vittatus_EviPB84_NC025564111537_EviS,Eulimnogammarus_vittatus_EviPB86_NC025564111537_EviS,Eulimnogammarus_vittatus_kbjd100_4_NC025564111537_EviS,Eulimnogammarus_vittatus_UB_6_SRR3467061Naumenko_EviW,Eulimnogammarus_vittatus_Ya8_SRR3467061Naumenko_EviW,Eulimnogammarus_vittatus_Uz1_3_SRR3467061Naumenko_EviW,Eulimnogammarus_vittatus_Uz2_1_SRR3467061Naumenko_EviW,Eulimnogammarus_vittatus_Uz2_3_SRR3467061Naumenko_EviW,Eulimnogammarus_vittatus_Uz2_4_SRR3467061Naumenko_EviW,Eulimnogammarus_vittatus_Uz1_1_SRR3467061Naumenko_EviW,Eulimnogammarus_vittatus_Uz3_2_SRR3467061Naumenko_EviW,Eulimnogammarus_vittatus_Uz3_1_SRR3467061Naumenko_EviW,Eulimnogammarus_vittatus_Konn_6_SRR3467061Naumenko_EviW,Eulimnogammarus_vittatus_GB_3_SRR3467061Naumenko_EviW,Eulimnogammarus_vittatus_Y_28_SRR3467061Naumenko_EviW,Eulimnogammarus_vittatus_Konn_14_SRR3467061Naumenko_EviW,Eulimnogammarus_vittatus_Konn_4_SRR3467061Naumenko_EviW,Eulimnogammarus_vittatus_AmspA64_SRR3467061Naumenko_EviW,Eulimnogammarus_vittatus_AmspA80_SRR3467061Naumenko_EviW,Eulimnogammarus_vittatus_AmspA63_SRR3467061Naumenko_EviW,Eulimnogammarus_vittatus_Konn_9_SRR3467061Naumenko_EviW,Eulimnogammarus_vittatus_Konn_1_SRR3467061Naumenko_EviW,Eulimnogammarus_vittatus_Konn_7_SRR3467061Naumenko_EviW,Eulimnogammarus_vittatus_GB_1_SRR3467061Naumenko_EviW,Eulimnogammarus_vittatus_Konn_13_SRR3467061Naumenko_EviW,Eulimnogammarus_vittatus_Konn_5_SRR3467061Naumenko_EviW,Eulimnogammarus_vittatus_Konn_10_SRR3467061Naumenko_EviW,Eulimnogammarus_vittatus_AmspA62_SRR3467061Naumenko_EviW,Eulimnogammarus_vittatus_Konn_15_SRR3467061Naumenko_EviW,MK887750_Eulimnogammarus_vittatus_voucher_Evi_Bolshie_Koty_K19_SRR3467061Naumenko_EviW,MK887741_Eulimnogammarus_vittatus_voucher_Evi_Listvyanka_Y01_SRR3467061Naumenko_EviW,MK887743_Eulimnogammarus_vittatus_voucher_Evi_Listvyanka_Y03_SRR3467061Naumenko_EviW,MK887742_Eulimnogammarus_vittatus_voucher_Evi_Listvyanka_Y02_SRR3467061Naumenko_EviW,Eulimnogammarus_vittatus_Konn_2_SRR3467061Naumenko_EviW,Eulimnogammarus_vittatus_EviL79_SRR3467061Naumenko_EviW,Eulimnogammarus_vittatus_Amspa61_SRR3467061Naumenko_EviW,MK887755_Eulimnogammarus_vittatus_voucher_Evi_Bolshie_Koty_K25_SRR3467061Naumenko_EviW,Eulimnogammarus_vittatus_Uz2_2_SRR3467061Naumenko_EviW,Eulimnogammarus_vittatus_AmspA58_SRR3467061Naumenko_EviW,MK887748_Eulimnogammarus_vittatus_voucher_Evi_Bolshie_Koty_K17_SRR3467061Naumenko_EviW,Eulimnogammarus_vittatus_AmspA57_SRR3467061Naumenko_EviW,Eulimnogammarus_vittatus_Konn_8_SRR3467061Naumenko_EviW,Eulimnogammarus_vittatus_MK887746_1_L_SRR3467061Naumenko_EviW,MK887751_Eulimnogammarus_vittatus_voucher_Evi_Bolshie_Koty_K20_SRR3467061Naumenko_EviW,Eulimnogammarus_vittatus_AmspA79_SRR3467061Naumenko_EviW,MK887746_Eulimnogammarus_vittatus_voucher_Evi_Listvyanka_Y07_SRR3467061Naumenko_EviW,Eulimnogammarus_vittatus_AmspA59_SRR3467061Naumenko_EviW,Eulimnogammarus_vittatus_Konn_11_SRR3467061Naumenko_EviW,Eulimnogammarus_vittatus_MK887754_1_BK_SRR3467061Naumenko_EviW,MK887753_Eulimnogammarus_vittatus_voucher_Evi_Bolshie_Koty_K22_SRR3467061Naumenko_EviW,MK887754_Eulimnogammarus_vittatus_voucher_Evi_Bolshie_Koty_K23_SRR3467061Naumenko_EviW,Eulimnogammarus_vittatus_EviL82_SRR3467061Naumenko_EviW,MK887752_Eulimnogammarus_vittatus_voucher_Evi_Bolshie_Koty_K21_SRR3467061Naumenko_EviW,MK887747_Eulimnogammarus_vittatus_voucher_Evi_Bolshie_Koty_K16_SRR3467061Naumenko_EviW,Eulimnogammarus_vittatus_AmspA60_SRR3467061Naumenko_EviW,MK887749_Eulimnogammarus_vittatus_voucher_Evi_Bolshie_Koty_K18_SRR3467061Naumenko_EviW,Eulimnogammarus_vittatus_AmspA65_SRR3467061Naumenko_EviW,Eulimnogammarus_vittatus_EviL81_SRR3467061Naumenko_EviW,Eulimnogammarus_vittatus_Konn_3_SRR3467061Naumenko_EviW,Eulimnogammarus_vittatus_AmspA23_SRR3467061Naumenko_EviW,Eulimnogammarus_vittatus_MK887755_1_BK_SRR3467061Naumenko_EviW
Eulimnogammarus_vittatus_BolR_1_SRR3467061Naumenko_EviW,0,0.0043810215,0.0000060313,0.0043616692,0.0043767215,0.0043804310,0.0052652488,0.0031122871,0.0022149387,0.0852359840,0.0852359840,0.0852359840,0.0852359840,0.0852359840,0.0852359840,0.0852359840,0.0852359840,0.0852369840,0.0920147179,0.0920147179,0.0920147179,0.0920147179,0.0920147179,0.0942486706,0.0989028451,0.0919705552,0.0874574109,0.0920425672,0.0874696747,0.0941364241,0.0941364241,0.0941364241,0.0941364241,0.1010821964,0.0919172903,0.1035700186,0.0896964677,0.0896964677,0.0896964677,0.0896945856,0.0918988897,0.0897037843,0.0918275876,0.0918275876,0.0918275876,0.0918275876,0.0918275876,0.0918275876,0.0918275876,0.0918275876,0.0918275876,0.0918275876,0.0940352799,0.0940442160,0.1008546832,0.0873532166,0.0919409340,0.1494754066,0.1473257033,0.1538738857,0.1537630484,0.1473277504,0.1516661875,0.1516661875,0.1516183734,0.1516183734,0.1516183734,0.1516183734,0.1516183734,0.1558984837,0.1494698558,0.1494698558,0.1494704098,0.1494967405,0.1452093427,0.1494608926,0.1494468894,0.1494468894,0.1494468894,0.1494468894,0.1580461756,0.1494509696,0.1473296333,0.1581379366,0.1537840446,0.1451995338,0.1409653445,0.1452433713,0.0229091712,0.0573600698,0.0661289787,0.0683771711,0.0684025306,0.0683472748,0.0552077952,0.0463780912,0.0538979029,0.0153595430,0.0199183341,0.0130613364,0.0153540001,0.0086824963,0.0086829093,0.0065118386,0.0086782474,0.0131131919,0.0131053736,0.0154173870,0.0153812101,0.0176052942,0.0043396447,0.0064973293,0.0021676418,0.0043669518,0.0021657995,0.0021677316,0.0021646512,0.0,0.0,0.0,0.0,0.0,0.0,0.0,0.0,0.0,0.0,0.0,0.0,0.0,0.0,0.0,0.0,0.0,0.0,0.0,0.0,0.0,0.0,0.0,0.0,0.0,0.0,0.0,0.0,0.0
Eulimnogammarus_vittatus_BolR_2_SRR3467061Naumenko_EviW,0.0043810215,0,0.0043830528,0.0087386907,0.0087537430,0.0087574525,0.0096422703,0.0074893086,0.0065919602,0.0896150055,0.0896150055,0.0896150055,0.0896150055,0.0896150055,0.0896150055,0.0896150055,0.0896150055,0.0896160055,0.0963937394,0.0963937394,0.0963937394,0.0963937394,0.0963937394,0.0986276921,0.1032818666,0.0963495767,0.0918364324,0.0964215887,0.0918486962,0.0985154456,0.0985154456,0.0985154456,0.0985154456,0.1054612179,0.0962963118,0.1079490401,0.0940754892,0.0940754892,0.0940754892,0.0940736071,0.0962779112,0.0940828058,0.0962066091,0.0962066091,0.0962066091,0.0962066091,0.0962066091,0.0962066091,0.0962066091,0.0962066091,0.0962066091,0.0962066091,0.0984143014,0.0984232375,0.1052337047,0.0917322381,0.0963199555,0.1538544281,0.1517047248,0.1582529072,0.1581420699,0.1517067719,0.1560452090,0.1560452090,0.1559973949,0.1559973949,0.1559973949,0.1559973949,0.1559973949,0.1602775052,0.1538488773,0.1538488773,0.1538494313,0.1538757620,0.1495883642,0.1538399141,0.1538259109,0.1538259109,0.1538259109,0.1538259109,0.1624251971,0.1538299911,0.1517086548,0.1625169581,0.1581630661,0.1495785553,0.1453443660,0.1496223928,0.0272881927,0.0617390913,0.0705080002,0.0727561926,0.0727815521,0.0727262963,0.0595868167,0.0507571127,0.0582769244,0.0197385645,0.0242973556,0.0174403579,0.0197330216,0.0130615178,0.0130619308,0.0108908601,0.0130572689,0.0174922134,0.0174843951,0.0197964085,0.0197602316,0.0219843157,0.0087186662,0.0108763508,0.0065466633,0.0087459733,0.0065448210,0.0065467531,0.0065436727,0.0043810215,0.0043810215,0.0043810215,0.0043810215,0.0043810215,0.0043810215,0.0043810215,0.0043810215,0.0043810215,0.0043810215,0.0043810215,0.0043810215,0.0043810215,0.0043810215,0.0043810215,0.0043810215,0.0043810215,0.0043810215,0.0043810215,0.0043810215,0.0043810215,0.0043810215,0.0043810215,0.0043810215,0.0043810215,0.0043810215,0.0043810215,0.0043810215,0.0043810215
Eulimnogammarus_vittatus_BG_SRR3467061Naumenko_EviW,0.0000060313,0.0043830528,0,0.0043576379,0.0043726902,0.0043763997,0.0052652801,0.0031123184,0.0022149700,0.0852400153,0.0852400153,0.0852400153,0.0852400153,0.0852400153,0.0852400153,0.0852400153,0.0852400153,0.0852410153,0.0920187492,0.0920187492,0.0920187492,0.0920187492,0.0920187492,0.0942527019,0.0989068764,0.0919745865,0.0874614422,0.0920465985,0.0874737060,0.0941404554,0.0941404554,0.0941404554,0.0941404554,0.1010862277,0.0919213216,0.1035740499,0.0897004990,0.0897004990,0.0897004990,0.0896986169,0.0919029210,0.0897078156,0.0918316189,0.0918316189,0.0918316189,0.0918316189,0.0918316189,0.0918316189,0.0918316189,0.0918316189,0.0918316189,0.0918316189,0.0940393112,0.0940482473,0.1008587145,0.0873572479,0.0919449653,0.1494794379,0.1473297346,0.1538779170,0.1537670797,0.1473317817,0.1516702188,0.1516702188,0.1516224047,0.1516224047,0.1516224047,0.1516224047,0.1516224047,0.1559025150,0.1494738871,0.1494738871,0.1494744411,0.1495007718,0.1452133740,0.1494649239,0.1494509207,0.1494509207,0.1494509207,0.1494509207,0.1580502069,0.1494550009,0.1473336646,0.1581419679,0.1537880759,0.1452035651,0.1409693758,0.1452474026,0.0229132025,0.0573641011,0.0661330100,0.0683812024,0.0684065619,0.0683513061,0.0552118265,0.0463821225,0.0539019342,0.0153635743,0.0199223654,0.0130653677,0.0153580314,0.0086865276,0.0086869406,0.0065158699,0.0086822787,0.0131172232,0.0131094049,0.0154214183,0.0153852414,0.0176093255,0.0043436760,0.0065013606,0.0021716731,0.0043709831,0.0021698308,0.0021717629,0.0021686825,0.0000060313,0.0000060313,0.0000060313,0.0000060313,0.0000060313,0.0000060313,0.0000060313,0.0000060313,0.0000060313,0.0000060313,0.0000060313,0.0000060313,0.0000060313,0.0000060313,0.0000060313,0.0000060313,0.0000060313,0.0000060313,0.0000060313,0.0000060313,0.0000060313,0.0000060313,0.0000060313,0.0000060313,0.0000060313,0.0000060313,0.0000060313,0.0000060313,0.0000060313
Eulimnogammarus_vittatus_Konn_12_SRR3467061Naumenko_EviW,0.0043616692,0.0087386907,0.0043576379,0,0.0043439459,0.0087273930,0.0096209180,0.0074679563,0.0065706079,0.0895956532,0.0895956532,0.0895956532,0.0895956532,0.0895956532,0.0895956532,0.0895956532,0.0895956532,0.0895966532,0.0963743871,0.0963743871,0.0963743871,0.0963743871,0.0963743871,0.0986083398,0.1032625143,0.0963302244,0.0918170801,0.0964022364,0.0918293439,0.0984960933,0.0984960933,0.0984960933,0.0984960933,0.1054418656,0.0962769595,0.1079296878,0.0940561369,0.0940561369,0.0940561369,0.0940542548,0.0962585589,0.0940634535,0.0961872568,0.0961872568,0.0961872568,0.0961872568,0.0961872568,0.0961872568,0.0961872568,0.0961872568,0.0961872568,0.0961872568,0.0983949491,0.0984038852,0.1052143524,0.0917128858,0.0963006032,0.1538350758,0.1516853725,0.1582335549,0.1581227176,0.1516874196,0.1560258567,0.1560258567,0.1559780426,0.1559780426,0.1559780426,0.1559780426,0.1559780426,0.1602581529,0.1538295250,0.1538295250,0.1538300790,0.1538564097,0.1495690119,0.1538205618,0.1538065586,0.1538065586,0.1538065586,0.1538065586,0.1624058448,0.1538106388,0.1516893025,0.1624976058,0.1581437138,0.1495592030,0.1453250137,0.1496030405,0.0272688404,0.0617197390,0.0704886479,0.0727368403,0.0727621998,0.0727069440,0.0595674644,0.0507377604,0.0582575721,0.0197192122,0.0242780033,0.0174210056,0.0197136693,0.0130421655,0.0130425785,0.0108715078,0.0130379166,0.0174728611,0.0174650428,0.0197770562,0.0197408793,0.0219649634,0.0086993139,0.0108569985,0.0065273110,0.0087266210,0.0065254687,0.0065274008,0.0065243204,0.0043616692,0.0043616692,0.0043616692,0.0043616692,0.0043616692,0.0043616692,0.0043616692,0.0043616692,0.0043616692,0.0043616692,0.0043616692,0.0043616692,0.0043616692,0.0043616692,0.0043616692,0.0043616692,0.0043616692,0.0043616692,0.0043616692,0.0043616692,0.0043616692,0.0043616692,0.0043616692,0.0043616692,0.0043616692,0.0043616692,0.0043616692,0.0043616692,0.0043616692
Eulimnogammarus_vittatus_GB_4_SRR3467061Naumenko_EviW,0.0043767215,0.0087537430,0.0043726902,0.0043439459,0,0.0087424453,0.0096359703,0.0074830086,0.0065856602,0.0896107055,0.0896107055,0.0896107055,0.0896107055,0.0896107055,0.0896107055,0.0896107055,0.0896107055,0.0896117055,0.0963894394,0.0963894394,0.0963894394,0.0963894394,0.0963894394,0.0986233921,0.1032775666,0.0963452767,0.0918321324,0.0964172887,0.0918443962,0.0985111456,0.0985111456,0.0985111456,0.0985111456,0.1054569179,0.0962920118,0.1079447401,0.0940711892,0.0940711892,0.0940711892,0.0940693071,0.0962736112,0.0940785058,0.0962023091,0.0962023091,0.0962023091,0.0962023091,0.0962023091,0.0962023091,0.0962023091,0.0962023091,0.0962023091,0.0962023091,0.0984100014,0.0984189375,0.1052294047,0.0917279381,0.0963156555,0.1538501281,0.1517004248,0.1582486072,0.1581377699,0.1517024719,0.1560409090,0.1560409090,0.1559930949,0.1559930949,0.1559930949,0.1559930949,0.1559930949,0.1602732052,0.1538445773,0.1538445773,0.1538451313,0.1538714620,0.1495840642,0.1538356141,0.1538216109,0.1538216109,0.1538216109,0.1538216109,0.1624208971,0.1538256911,0.1517043548,0.1625126581,0.1581587661,0.1495742553,0.1453400660,0.1496180928,0.0272838927,0.0617347913,0.0705037002,0.0727518926,0.0727772521,0.0727219963,0.0595825167,0.0507528127,0.0582726244,0.0197342645,0.0242930556,0.0174360579,0.0197287216,0.0130572178,0.0130576308,0.0108865601,0.0130529689,0.0174879134,0.0174800951,0.0197921085,0.0197559316,0.0219800157,0.0087143662,0.0108720508,0.0065423633,0.0087416733,0.0065405210,0.0065424531,0.0065393727,0.0043767215,0.0043767215,0.0043767215,0.0043767215,0.0043767215,0.0043767215,0.0043767215,0.0043767215,0.0043767215,0.0043767215,0.0043767215,0.0043767215,0.0043767215,0.0043767215,0.0043767215,0.0043767215,0.0043767215,0.0043767215,0.0043767215,0.0043767215,0.0043767215,0.0043767215,0.0043767215,0.0043767215,0.0043767215,0.0043767215,0.0043767215,0.0043767215,0.0043767215
Eulimnogammarus_vittatus_EviL80_SRR3467061Naumenko_EviW,0.0043804310,0.0087574525,0.0043763997,0.0087273930,0.0087424453,0,0.0096396798,0.0074867181,0.0065893697,0.0896144150,0.0896144150,0.0896144150,0.0896144150,0.0896144150,0.0896144150,0.0896144150,0.0896144150,0.0896154150,0.0963931489,0.0963931489,0.0963931489,0.0963931489,0.0963931489,0.0986271016,0.1032812761,0.0963489862,0.0918358419,0.0964209982,0.0918481057,0.0985148551,0.0985148551,0.0985148551,0.0985148551,0.1054606274,0.0962957213,0.1079484496,0.0940748987,0.0940748987,0.0940748987,0.0940730166,0.0962773207,0.0940822153,0.0962060186,0.0962060186,0.0962060186,0.0962060186,0.0962060186,0.0962060186,0.0962060186,0.0962060186,0.0962060186,0.0962060186,0.0984137109,0.0984226470,0.1052331142,0.0917316476,0.0963193650,0.1538538376,0.1517041343,0.1582523167,0.1581414794,0.1517061814,0.1560446185,0.1560446185,0.1559968044,0.1559968044,0.1559968044,0.1559968044,0.1559968044,0.1602769147,0.1538482868,0.1538482868,0.1538488408,0.1538751715,0.1495877737,0.1538393236,0.1538253204,0.1538253204,0.1538253204,0.1538253204,0.1624246066,0.1538294006,0.1517080643,0.1625163676,0.1581624756,0.1495779648,0.1453437755,0.1496218023,0.0272876022,0.0617385008,0.0705074097,0.0727556021,0.0727809616,0.0727257058,0.0595862262,0.0507565222,0.0582763339,0.0197379740,0.0242967651,0.0174397674,0.0197324311,0.0130609273,0.0130613403,0.0108902696,0.0130566784,0.0174916229,0.0174838046,0.0197958180,0.0197596411,0.0219837252,0.0087180757,0.0108757603,0.0065460728,0.0087453828,0.0065442305,0.0065461626,0.0065430822,0.0043804310,0.0043804310,0.0043804310,0.0043804310,0.0043804310,0.0043804310,0.0043804310,0.0043804310,0.0043804310,0.0043804310,0.0043804310,0.0043804310,0.0043804310,0.0043804310,0.0043804310,0.0043804310,0.0043804310,0.0043804310,0.0043804310,0.0043804310,0.0043804310,0.0043804310,0.0043804310,0.0043804310,0.0043804310,0.0043804310,0.0043804310,0.0043804310,0.0043804310
Eulimnogammarus_vittatus_GB_5_SRR3467061Naumenko_EviW,0.0052652488,0.0096422703,0.0052652801,0.0096209180,0.0096359703,0.0096396798,0,0.0021549617,0.0054846095,0.0904992328,0.0904992328,0.0904992328,0.0904992328,0.0904992328,0.0904992328,0.0904992328,0.0904992328,0.0905002328,0.0972779667,0.0972779667,0.0972779667,0.0972779667,0.0972779667,0.0995119194,0.1041660939,0.0972338040,0.0927206597,0.0973058160,0.0927329235,0.0993996729,0.0993996729,0.0993996729,0.0993996729,0.1063454452,0.0971805391,0.1088332674,0.0949597165,0.0949597165,0.0949597165,0.0949578344,0.0971621385,0.0949670331,0.0970908364,0.0970908364,0.0970908364,0.0970908364,0.0970908364,0.0970908364,0.0970908364,0.0970908364,0.0970908364,0.0970908364,0.0992985287,0.0993074648,0.1061179320,0.0926164654,0.0972041828,0.1547386554,0.1525889521,0.1591371345,0.1590262972,0.1525909992,0.1569294363,0.1569294363,0.1568816222,0.1568816222,0.1568816222,0.1568816222,0.1568816222,0.1611617325,0.1547331046,0.1547331046,0.1547336586,0.1547599893,0.1504725915,0.1547241414,0.1547101382,0.1547101382,0.1547101382,0.1547101382,0.1633094244,0.1547142184,0.1525928821,0.1634011854,0.1590472934,0.1504627826,0.1462285933,0.1505066201,0.0281724200,0.0626233186,0.0713922275,0.0736404199,0.0736657794,0.0736105236,0.0604710440,0.0516413400,0.0591611517,0.0206227918,0.0251815829,0.0183245852,0.0206172489,0.0139457451,0.0139461581,0.0117750874,0.0139414962,0.0183764407,0.0183686224,0.0206806358,0.0206444589,0.0228685430,0.0096028935,0.0117605781,0.0074308906,0.0096302006,0.0074290483,0.0074309804,0.0074279000,0.0052652488,0.0052652488,0.0052652488,0.0052652488,0.0052652488,0.0052652488,0.0052652488,0.0052652488,0.0052652488,0.0052652488,0.0052652488,0.0052652488,0.0052652488,0.0052652488,0.0052652488,0.0052652488,0.0052652488,0.0052652488,0.0052652488,0.0052652488,0.0052652488,0.0052652488,0.0052652488,0.0052652488,0.0052652488,0.0052652488,0.0052652488,0.0052652488,0.0052652488
MK887745_Eulimnogammarus_vittatus_voucher_Evi_Listvyanka_Y05_SRR3467061Naumenko_EviW,0.0031122871,0.0074893086,0.0031123184,0.0074679563,0.0074830086,0.0074867181,0.0021549617,0,0.0033316478,0.0883462711,0.0883462711,0.0883462711,0.0883462711,0.0883462711,0.0883462711,0.0883462711,0.0883462711,0.0883472711,0.0951250050,0.0951250050,0.0951250050,0.0951250050,0.0951250050,0.0973589577,0.1020131322,0.0950808423,0.0905676980,0.0951528543,0.0905799618,0.0972467112,0.0972467112,0.0972467112,0.0972467112,0.1041924835,0.0950275774,0.1066803057,0.0928067548,0.0928067548,0.0928067548,0.0928048727,0.0950091768,0.0928140714,0.0949378747,0.0949378747,0.0949378747,0.0949378747,0.0949378747,0.0949378747,0.0949378747,0.0949378747,0.0949378747,0.0949378747,0.0971455670,0.0971545031,0.1039649703,0.0904635037,0.0950512211,0.1525856937,0.1504359904,0.1569841728,0.1568733355,0.1504380375,0.1547764746,0.1547764746,0.1547286605,0.1547286605,0.1547286605,0.1547286605,0.1547286605,0.1590087708,0.1525801429,0.1525801429,0.1525806969,0.1526070276,0.1483196298,0.1525711797,0.1525571765,0.1525571765,0.1525571765,0.1525571765,0.1611564627,0.1525612567,0.1504399204,0.1612482237,0.1568943317,0.1483098209,0.1440756316,0.1483536584,0.0260194583,0.0604703569,0.0692392658,0.0714874582,0.0715128177,0.0714575619,0.0583180823,0.0494883783,0.0570081900,0.0184698301,0.0230286212,0.0161716235,0.0184642872,0.0117927834,0.0117931964,0.0096221257,0.0117885345,0.0162234790,0.0162156607,0.0185276741,0.0184914972,0.0207155813,0.0074499318,0.0096076164,0.0052779289,0.0074772389,0.0052760866,0.0052780187,0.0052749383,0.0031122871,0.0031122871,0.0031122871,0.0031122871,0.0031122871,0.0031122871,0.0031122871,0.0031122871,0.0031122871,0.0031122871,0.0031122871,0.0031122871,0.0031122871,0.0031122871,0.0031122871,0.0031122871,0.0031122871,0.0031122871,0.0031122871,0.0031122871,0.0031122871,0.0031122871,0.0031122871,0.0031122871,0.0031122871,0.0031122871,0.0031122871,0.0031122871,0.0031122871
MK887744_Eulimnogammarus_vittatus_voucher_Evi_Listvyanka_Y04_SRR3467061Naumenko_EviW,0.0022149387,0.0065919602,0.0022149700,0.0065706079,0.0065856602,0.0065893697,0.0054846095,0.0033316478,0,0.0874489227,0.0874489227,0.0874489227,0.0874489227,0.0874489227,0.0874489227,0.0874489227,0.0874489227,0.0874499227,0.0942276566,0.0942276566,0.0942276566,0.0942276566,0.0942276566,0.0964616093,0.1011157838,0.0941834939,0.0896703496,0.0942555059,0.0896826134,0.0963493628,0.0963493628,0.0963493628,0.0963493628,0.1032951351,0.0941302290,0.1057829573,0.0919094064,0.0919094064,0.0919094064,0.0919075243,0.0941118284,0.0919167230,0.0940405263,0.0940405263,0.0940405263,0.0940405263,0.0940405263,0.0940405263,0.0940405263,0.0940405263,0.0940405263,0.0940405263,0.0962482186,0.0962571547,0.1030676219,0.0895661553,0.0941538727,0.1516883453,0.1495386420,0.1560868244,0.1559759871,0.1495406891,0.1538791262,0.1538791262,0.1538313121,0.1538313121,0.1538313121,0.1538313121,0.1538313121,0.1581114224,0.1516827945,0.1516827945,0.1516833485,0.1517096792,0.1474222814,0.1516738313,0.1516598281,0.1516598281,0.1516598281,0.1516598281,0.1602591143,0.1516639083,0.1495425720,0.1603508753,0.1559969833,0.1474124725,0.1431782832,0.1474563100,0.0251221099,0.0595730085,0.0683419174,0.0705901098,0.0706154693,0.0705602135,0.0574207339,0.0485910299,0.0561108416,0.0175724817,0.0221312728,0.0152742751,0.0175669388,0.0108954350,0.0108958480,0.0087247773,0.0108911861,0.0153261306,0.0153183123,0.0176303257,0.0175941488,0.0198182329,0.0065525834,0.0087102680,0.0043805805,0.0065798905,0.0043787382,0.0043806703,0.0043775899,0.0022149387,0.0022149387,0.0022149387,0.0022149387,0.0022149387,0.0022149387,0.0022149387,0.0022149387,0.0022149387,0.0022149387,0.0022149387,0.0022149387,0.0022149387,0.0022149387,0.0022149387,0.0022149387,0.0022149387,0.0022149387,0.0022149387,0.0022149387,0.0022149387,0.0022149387,0.0022149387,0.0022149387,0.0022149387,0.0022149387,0.0022149387,0.0022149387,0.0022149387
Eulimnogammarus_vittatus_Ya1_EviUr1_EviE,0.0852359840,0.0896150055,0.0852400153,0.0895956532,0.0896107055,0.0896144150,0.0904992328,0.0883462711,0.0874489227,0,0.0,0.0,0.0,0.0,0.0,0.0,0.0,0.0000030,0.0067807339,0.0067807339,0.0067807339,0.0067807339,0.0067807339,0.0090146866,0.0136688611,0.0067365712,0.0022234269,0.0068085832,0.0022376907,0.0089092773,0.0089092773,0.0089092773,0.0089092773,0.0158550496,0.0066901435,0.0183428718,0.0044693209,0.0044693209,0.0044693209,0.0044674388,0.0066717429,0.0044766375,0.0112421516,0.0112421516,0.0112421516,0.0112421516,0.0112421516,0.0112421516,0.0112421516,0.0112421516,0.0112421516,0.0112421516,0.0134498439,0.0134587800,0.0202692472,0.0067677806,0.0113607464,0.1002570134,0.0981073101,0.1046554925,0.1045446552,0.0981093572,0.1024477943,0.1024477943,0.1023999802,0.1023999802,0.1023999802,0.1023999802,0.1023999802,0.1066800905,0.1002514626,0.1002514626,0.1002520166,0.1002783473,0.0959909495,0.1002424994,0.1002284962,0.1002284962,0.1002284962,0.1002284962,0.1088277824,0.1002325764,0.0981112401,0.1089195434,0.1045656514,0.0959811406,0.0917469513,0.0960249781,0.0623320218,0.1173664356,0.1261353445,0.1283835369,0.1284088964,0.1283536406,0.1152141610,0.1063844570,0.1139042687,0.0832281618,0.0877869529,0.0852642916,0.0875620279,0.0808948031,0.0808952161,0.0787261454,0.0808969642,0.0853339087,0.0896586784,0.0919706918,0.0919345149,0.0941585990,0.0808983393,0.0830580239,0.0830723692,0.0895949358,0.0873957835,0.0873997156,0.0873966352,0.0852359840,0.0852359840,0.0852359840,0.0852359840,0.0852359840,0.0852359840,0.0852359840,0.0852359840,0.0852359840,0.0852359840,0.0852359840,0.0852359840,0.0852359840,0.0852359840,0.0852359840,0.0852359840,0.0852359840,0.0852359840,0.0852359840,0.0852359840,0.0852359840,0.0852359840,0.0852359840,0.0852359840,0.0852359840,0.0852359840,0.0852359840,0.0852359840,0.0852359840
Eulimnogammarus_vittatus_AmspA41_EviUr1_EviE,0.0852359840,0.0896150055,0.0852400153,0.0895956532,0.0896107055,0.0896144150,0.0904992328,0.0883462711,0.0874489227,0.0,0,0.0,0.0,0.0,0.0,0.0,0.0,0.0000030,0.0067807339,0.0067807339,0.0067807339,0.0067807339,0.0067807339,0.0090146866,0.0136688611,0.0067365712,0.0022234269,0.0068085832,0.0022376907,0.0089092773,0.0089092773,0.0089092773,0.0089092773,0.0158550496,0.0066901435,0.0183428718,0.0044693209,0.0044693209,0.0044693209,0.0044674388,0.0066717429,0.0044766375,0.0112421516,0.0112421516,0.0112421516,0.0112421516,0.0112421516,0.0112421516,0.0112421516,0.0112421516,0.0112421516,0.0112421516,0.0134498439,0.0134587800,0.0202692472,0.0067677806,0.0113607464,0.1002570134,0.0981073101,0.1046554925,0.1045446552,0.0981093572,0.1024477943,0.1024477943,0.1023999802,0.1023999802,0.1023999802,0.1023999802,0.1023999802,0.1066800905,0.1002514626,0.1002514626,0.1002520166,0.1002783473,0.0959909495,0.1002424994,0.1002284962,0.1002284962,0.1002284962,0.1002284962,0.1088277824,0.1002325764,0.0981112401,0.1089195434,0.1045656514,0.0959811406,0.0917469513,0.0960249781,0.0623320218,0.1173664356,0.1261353445,0.1283835369,0.1284088964,0.1283536406,0.1152141610,0.1063844570,0.1139042687,0.0832281618,0.0877869529,0.0852642916,0.0875620279,0.0808948031,0.0808952161,0.0787261454,0.0808969642,0.0853339087,0.0896586784,0.0919706918,0.0919345149,0.0941585990,0.0808983393,0.0830580239,0.0830723692,0.0895949358,0.0873957835,0.0873997156,0.0873966352,0.0852359840,0.0852359840,0.0852359840,0.0852359840,0.0852359840,0.0852359840,0.0852359840,0.0852359840,0.0852359840,0.0852359840,0.0852359840,0.0852359840,0.0852359840,0.0852359840,0.0852359840,0.0852359840,0.0852359840,0.0852359840,0.0852359840,0.0852359840,0.0852359840,0.0852359840,0.0852359840,0.0852359840,0.0852359840,0.0852359840,0.0852359840,0.0852359840,0.0852359840
Eulimnogammarus_vittatus_EviA109_EviUr1_EviE,0.0852359840,0.0896150055,0.0852400153,0.0895956532,0.0896107055,0.0896144150,0.0904992328,0.0883462711,0.0874489227,0.0,0.0,0,0.0,0.0,0.0,0.0,0.0,0.0000030,0.0067807339,0.0067807339,0.0067807339,0.0067807339,0.0067807339,0.0090146866,0.0136688611,0.0067365712,0.0022234269,0.0068085832,0.0022376907,0.0089092773,0.0089092773,0.0089092773,0.0089092773,0.0158550496,0.0066901435,0.0183428718,0.0044693209,0.0044693209,0.0044693209,0.0044674388,0.0066717429,0.0044766375,0.0112421516,0.0112421516,0.0112421516,0.0112421516,0.0112421516,0.0112421516,0.0112421516,0.0112421516,0.0112421516,0.0112421516,0.0134498439,0.0134587800,0.0202692472,0.0067677806,0.0113607464,0.1002570134,0.0981073101,0.1046554925,0.1045446552,0.0981093572,0.1024477943,0.1024477943,0.1023999802,0.1023999802,0.1023999802,0.1023999802,0.1023999802,0.1066800905,0.1002514626,0.1002514626,0.1002520166,0.1002783473,0.0959909495,0.1002424994,0.1002284962,0.1002284962,0.1002284962,0.1002284962,0.1088277824,0.1002325764,0.0981112401,0.1089195434,0.1045656514,0.0959811406,0.0917469513,0.0960249781,0.0623320218,0.1173664356,0.1261353445,0.1283835369,0.1284088964,0.1283536406,0.1152141610,0.1063844570,0.1139042687,0.0832281618,0.0877869529,0.0852642916,0.0875620279,0.0808948031,0.0808952161,0.0787261454,0.0808969642,0.0853339087,0.0896586784,0.0919706918,0.0919345149,0.0941585990,0.0808983393,0.0830580239,0.0830723692,0.0895949358,0.0873957835,0.0873997156,0.0873966352,0.0852359840,0.0852359840,0.0852359840,0.0852359840,0.0852359840,0.0852359840,0.0852359840,0.0852359840,0.0852359840,0.0852359840,0.0852359840,0.0852359840,0.0852359840,0.0852359840,0.0852359840,0.0852359840,0.0852359840,0.0852359840,0.0852359840,0.0852359840,0.0852359840,0.0852359840,0.0852359840,0.0852359840,0.0852359840,0.0852359840,0.0852359840,0.0852359840,0.0852359840
Eulimnogammarus_vittatus_EviA103_EviUr1_EviE,0.0852359840,0.0896150055,0.0852400153,0.0895956532,0.0896107055,0.0896144150,0.0904992328,0.0883462711,0.0874489227,0.0,0.0,0.0,0,0.0,0.0,0.0,0.0,0.0000030,0.0067807339,0.0067807339,0.0067807339,0.0067807339,0.0067807339,0.0090146866,0.0136688611,0.0067365712,0.0022234269,0.0068085832,0.0022376907,0.0089092773,0.0089092773,0.0089092773,0.0089092773,0.0158550496,0.0066901435,0.0183428718,0.0044693209,0.0044693209,0.0044693209,0.0044674388,0.0066717429,0.0044766375,0.0112421516,0.0112421516,0.0112421516,0.0112421516,0.0112421516,0.0112421516,0.0112421516,0.0112421516,0.0112421516,0.0112421516,0.0134498439,0.0134587800,0.0202692472,0.0067677806,0.0113607464,0.1002570134,0.0981073101,0.1046554925,0.1045446552,0.0981093572,0.1024477943,0.1024477943,0.1023999802,0.1023999802,0.1023999802,0.1023999802,0.1023999802,0.1066800905,0.1002514626,0.1002514626,0.1002520166,0.1002783473,0.0959909495,0.1002424994,0.1002284962,0.1002284962,0.1002284962,0.1002284962,0.1088277824,0.1002325764,0.0981112401,0.1089195434,0.1045656514,0.0959811406,0.0917469513,0.0960249781,0.0623320218,0.1173664356,0.1261353445,0.1283835369,0.1284088964,0.1283536406,0.1152141610,0.1063844570,0.1139042687,0.0832281618,0.0877869529,0.0852642916,0.0875620279,0.0808948031,0.0808952161,0.0787261454,0.0808969642,0.0853339087,0.0896586784,0.0919706918,0.0919345149,0.0941585990,0.0808983393,0.0830580239,0.0830723692,0.0895949358,0.0873957835,0.0873997156,0.0873966352,0.0852359840,0.0852359840,0.0852359840,0.0852359840,0.0852359840,0.0852359840,0.0852359840,0.0852359840,0.0852359840,0.0852359840,0.0852359840,0.0852359840,0.0852359840,0.0852359840,0.0852359840,0.0852359840,0.0852359840,0.0852359840,0.0852359840,0.0852359840,0.0852359840,0.0852359840,0.0852359840,0.0852359840,0.0852359840,0.0852359840,0.0852359840,0.0852359840,0.0852359840
Eulimnogammarus_vittatus_EviA104_EviUr1_EviE,0.0852359840,0.0896150055,0.0852400153,0.0895956532,0.0896107055,0.0896144150,0.0904992328,0.0883462711,0.0874489227,0.0,0.0,0.0,0.0,0,0.0,0.0,0.0,0.0000030,0.0067807339,0.0067807339,0.0067807339,0.0067807339,0.0067807339,0.0090146866,0.0136688611,0.0067365712,0.0022234269,0.0068085832,0.0022376907,0.0089092773,0.0089092773,0.0089092773,0.0089092773,0.0158550496,0.0066901435,0.0183428718,0.0044693209,0.0044693209,0.0044693209,0.0044674388,0.0066717429,0.0044766375,0.0112421516,0.0112421516,0.0112421516,0.0112421516,0.0112421516,0.0112421516,0.0112421516,0.0112421516,0.0112421516,0.0112421516,0.0134498439,0.0134587800,0.0202692472,0.0067677806,0.0113607464,0.1002570134,0.0981073101,0.1046554925,0.1045446552,0.0981093572,0.1024477943,0.1024477943,0.1023999802,0.1023999802,0.1023999802,0.1023999802,0.1023999802,0.1066800905,0.1002514626,0.1002514626,0.1002520166,0.1002783473,0.0959909495,0.1002424994,0.1002284962,0.1002284962,0.1002284962,0.1002284962,0.1088277824,0.1002325764,0.0981112401,0.1089195434,0.1045656514,0.0959811406,0.0917469513,0.0960249781,0.0623320218,0.1173664356,0.1261353445,0.1283835369,0.1284088964,0.1283536406,0.1152141610,0.1063844570,0.1139042687,0.0832281618,0.0877869529,0.0852642916,0.0875620279,0.0808948031,0.0808952161,0.0787261454,0.0808969642,0.0853339087,0.0896586784,0.0919706918,0.0919345149,0.0941585990,0.0808983393,0.0830580239,0.0830723692,0.0895949358,0.0873957835,0.0873997156,0.0873966352,0.0852359840,0.0852359840,0.0852359840,0.0852359840,0.0852359840,0.0852359840,0.0852359840,0.0852359840,0.0852359840,0.0852359840,0.0852359840,0.0852359840,0.0852359840,0.0852359840,0.0852359840,0.0852359840,0.0852359840,0.0852359840,0.0852359840,0.0852359840,0.0852359840,0.0852359840,0.0852359840,0.0852359840,0.0852359840,0.0852359840,0.0852359840,0.0852359840,0.0852359840
Eulimnogammarus_vittatus_EviA102_EviUr1_EviE,0.0852359840,0.0896150055,0.0852400153,0.0895956532,0.0896107055,0.0896144150,0.0904992328,0.0883462711,0.0874489227,0.0,0.0,0.0,0.0,0.0,0,0.0,0.0,0.0000030,0.0067807339,0.0067807339,0.0067807339,0.0067807339,0.0067807339,0.0090146866,0.0136688611,0.0067365712,0.0022234269,0.0068085832,0.0022376907,0.0089092773,0.0089092773,0.0089092773,0.0089092773,0.0158550496,0.0066901435,0.0183428718,0.0044693209,0.0044693209,0.0044693209,0.0044674388,0.0066717429,0.0044766375,0.0112421516,0.0112421516,0.0112421516,0.0112421516,0.0112421516,0.0112421516,0.0112421516,0.0112421516,0.0112421516,0.0112421516,0.0134498439,0.0134587800,0.0202692472,0.0067677806,0.0113607464,0.1002570134,0.0981073101,0.1046554925,0.1045446552,0.0981093572,0.1024477943,0.1024477943,0.1023999802,0.1023999802,0.1023999802,0.1023999802,0.1023999802,0.1066800905,0.1002514626,0.1002514626,0.1002520166,0.1002783473,0.0959909495,0.1002424994,0.1002284962,0.1002284962,0.1002284962,0.1002284962,0.1088277824,0.1002325764,0.0981112401,0.1089195434,0.1045656514,0.0959811406,0.0917469513,0.0960249781,0.0623320218,0.1173664356,0.1261353445,0.1283835369,0.1284088964,0.1283536406,0.1152141610,0.1063844570,0.1139042687,0.0832281618,0.0877869529,0.0852642916,0.0875620279,0.0808948031,0.0808952161,0.0787261454,0.0808969642,0.0853339087,0.0896586784,0.0919706918,0.0919345149,0.0941585990,0.0808983393,0.0830580239,0.0830723692,0.0895949358,0.0873957835,0.0873997156,0.0873966352,0.0852359840,0.0852359840,0.0852359840,0.0852359840,0.0852359840,0.0852359840,0.0852359840,0.0852359840,0.0852359840,0.0852359840,0.0852359840,0.0852359840,0.0852359840,0.0852359840,0.0852359840,0.0852359840,0.0852359840,0.0852359840,0.0852359840,0.0852359840,0.0852359840,0.0852359840,0.0852359840,0.0852359840,0.0852359840,0.0852359840,0.0852359840,0.0852359840,0.0852359840
Eulimnogammarus_vittatus_Ya5_EviUr1_EviE,0.0852359840,0.0896150055,0.0852400153,0.0895956532,0.0896107055,0.0896144150,0.0904992328,0.0883462711,0.0874489227,0.0,0.0,0.0,0.0,0.0,0.0,0,0.0,0.0000030,0.0067807339,0.0067807339,0.0067807339,0.0067807339,0.0067807339,0.0090146866,0.0136688611,0.0067365712,0.0022234269,0.0068085832,0.0022376907,0.0089092773,0.0089092773,0.0089092773,0.0089092773,0.0158550496,0.0066901435,0.0183428718,0.0044693209,0.0044693209,0.0044693209,0.0044674388,0.0066717429,0.0044766375,0.0112421516,0.0112421516,0.0112421516,0.0112421516,0.0112421516,0.0112421516,0.0112421516,0.0112421516,0.0112421516,0.0112421516,0.0134498439,0.0134587800,0.0202692472,0.0067677806,0.0113607464,0.1002570134,0.0981073101,0.1046554925,0.1045446552,0.0981093572,0.1024477943,0.1024477943,0.1023999802,0.1023999802,0.1023999802,0.1023999802,0.1023999802,0.1066800905,0.1002514626,0.1002514626,0.1002520166,0.1002783473,0.0959909495,0.1002424994,0.1002284962,0.1002284962,0.1002284962,0.1002284962,0.1088277824,0.1002325764,0.0981112401,0.1089195434,0.1045656514,0.0959811406,0.0917469513,0.0960249781,0.0623320218,0.1173664356,0.1261353445,0.1283835369,0.1284088964,0.1283536406,0.1152141610,0.1063844570,0.1139042687,0.0832281618,0.0877869529,0.0852642916,0.0875620279,0.0808948031,0.0808952161,0.0787261454,0.0808969642,0.0853339087,0.0896586784,0.0919706918,0.0919345149,0.0941585990,0.0808983393,0.0830580239,0.0830723692,0.0895949358,0.0873957835,0.0873997156,0.0873966352,0.0852359840,0.0852359840,0.0852359840,0.0852359840,0.0852359840,0.0852359840,0.0852359840,0.0852359840,0.0852359840,0.0852359840,0.0852359840,0.0852359840,0.0852359840,0.0852359840,0.0852359840,0.0852359840,0.0852359840,0.0852359840,0.0852359840,0.0852359840,0.0852359840,0.0852359840,0.0852359840,0.0852359840,0.0852359840,0.0852359840,0.0852359840,0.0852359840,0.0852359840
